Enter to start.
Steppers ready.
Wavelength: 405nm
Warming up the ADCs.
Scanned area is 5.00 by 5.00 mm. Resolution is 100 µm.

Legend: run_number,wavelength,x_position,y_position,measured_voltage,logic_level

1,405nm,-2.50,-2.50,3.23,1
1,405nm,-2.50,-2.40,3.25,1
1,405nm,-2.50,-2.30,3.24,1
1,405nm,-2.50,-2.20,3.25,1
1,405nm,-2.50,-2.10,3.25,1
1,405nm,-2.50,-2.00,3.25,1
1,405nm,-2.50,-1.90,3.24,1
1,405nm,-2.50,-1.80,3.25,1
1,405nm,-2.50,-1.70,3.24,1
1,405nm,-2.50,-1.60,3.24,1
1,405nm,-2.50,-1.50,3.24,1
1,405nm,-2.50,-1.40,3.24,1
1,405nm,-2.50,-1.30,3.24,1
1,405nm,-2.50,-1.20,3.24,1
1,405nm,-2.50,-1.10,3.24,1
1,405nm,-2.50,-1.00,3.24,1
1,405nm,-2.50,-0.90,3.23,1
1,405nm,-2.50,-0.80,3.23,1
1,405nm,-2.50,-0.70,3.23,1
1,405nm,-2.50,-0.60,3.23,1
1,405nm,-2.50,-0.50,3.23,1
1,405nm,-2.50,-0.40,3.23,1
1,405nm,-2.50,-0.30,3.23,1
1,405nm,-2.50,-0.20,3.22,1
1,405nm,-2.50,-0.10,3.23,1
1,405nm,-2.50,-0.00,3.23,1
1,405nm,-2.50,0.10,3.22,1
1,405nm,-2.50,0.20,3.23,1
1,405nm,-2.50,0.30,3.23,1
1,405nm,-2.50,0.40,3.23,1
1,405nm,-2.50,0.50,3.23,1
1,405nm,-2.50,0.60,3.23,1
1,405nm,-2.50,0.70,3.23,1
1,405nm,-2.50,0.80,3.24,1
1,405nm,-2.50,0.90,3.24,1
1,405nm,-2.50,1.00,3.24,1
1,405nm,-2.50,1.10,3.24,1
1,405nm,-2.50,1.20,3.24,1
1,405nm,-2.50,1.30,3.25,1
1,405nm,-2.50,1.40,3.25,1
1,405nm,-2.50,1.50,3.24,1
1,405nm,-2.50,1.60,3.25,1
1,405nm,-2.50,1.70,3.25,1
1,405nm,-2.50,1.80,3.25,1
1,405nm,-2.50,1.90,3.25,1
1,405nm,-2.50,2.00,3.25,1
1,405nm,-2.50,2.10,3.25,1
1,405nm,-2.50,2.20,3.25,1
1,405nm,-2.50,2.30,3.25,1
1,405nm,-2.50,2.40,3.25,1
1,405nm,-2.40,-2.50,3.23,1
1,405nm,-2.40,-2.40,3.25,1
1,405nm,-2.40,-2.30,3.25,1
1,405nm,-2.40,-2.20,3.24,1
1,405nm,-2.40,-2.10,3.25,1
1,405nm,-2.40,-2.00,3.25,1
1,405nm,-2.40,-1.90,3.25,1
1,405nm,-2.40,-1.80,3.24,1
1,405nm,-2.40,-1.70,3.24,1
1,405nm,-2.40,-1.60,3.24,1
1,405nm,-2.40,-1.50,3.24,1
1,405nm,-2.40,-1.40,3.24,1
1,405nm,-2.40,-1.30,3.23,1
1,405nm,-2.40,-1.20,3.23,1
1,405nm,-2.40,-1.10,3.23,1
1,405nm,-2.40,-1.00,3.23,1
1,405nm,-2.40,-0.90,3.23,1
1,405nm,-2.40,-0.80,3.22,1
1,405nm,-2.40,-0.70,3.22,1
1,405nm,-2.40,-0.60,3.21,1
1,405nm,-2.40,-0.50,3.21,1
1,405nm,-2.40,-0.40,3.20,1
1,405nm,-2.40,-0.30,3.20,1
1,405nm,-2.40,-0.20,3.20,1
1,405nm,-2.40,-0.10,3.20,1
1,405nm,-2.40,-0.00,3.20,1
1,405nm,-2.40,0.10,3.21,1
1,405nm,-2.40,0.20,3.21,1
1,405nm,-2.40,0.30,3.21,1
1,405nm,-2.40,0.40,3.22,1
1,405nm,-2.40,0.50,3.22,1
1,405nm,-2.40,0.60,3.23,1
1,405nm,-2.40,0.70,3.23,1
1,405nm,-2.40,0.80,3.23,1
1,405nm,-2.40,0.90,3.23,1
1,405nm,-2.40,1.00,3.24,1
1,405nm,-2.40,1.10,3.24,1
1,405nm,-2.40,1.20,3.24,1
1,405nm,-2.40,1.30,3.24,1
1,405nm,-2.40,1.40,3.24,1
1,405nm,-2.40,1.50,3.24,1
1,405nm,-2.40,1.60,3.24,1
1,405nm,-2.40,1.70,3.25,1
1,405nm,-2.40,1.80,3.25,1
1,405nm,-2.40,1.90,3.25,1
1,405nm,-2.40,2.00,3.25,1
1,405nm,-2.40,2.10,3.25,1
1,405nm,-2.40,2.20,3.25,1
1,405nm,-2.40,2.30,3.25,1
1,405nm,-2.40,2.40,3.25,1
1,405nm,-2.30,-2.50,3.23,1
1,405nm,-2.30,-2.40,3.25,1
1,405nm,-2.30,-2.30,3.25,1
1,405nm,-2.30,-2.20,3.25,1
1,405nm,-2.30,-2.10,3.24,1
1,405nm,-2.30,-2.00,3.24,1
1,405nm,-2.30,-1.90,3.24,1
1,405nm,-2.30,-1.80,3.24,1
1,405nm,-2.30,-1.70,3.24,1
1,405nm,-2.30,-1.60,3.24,1
1,405nm,-2.30,-1.50,3.23,1
1,405nm,-2.30,-1.40,3.23,1
1,405nm,-2.30,-1.30,3.23,1
1,405nm,-2.30,-1.20,3.22,1
1,405nm,-2.30,-1.10,3.21,1
1,405nm,-2.30,-1.00,3.21,1
1,405nm,-2.30,-0.90,3.20,1
1,405nm,-2.30,-0.80,3.19,1
1,405nm,-2.30,-0.70,3.19,1
1,405nm,-2.30,-0.60,3.18,1
1,405nm,-2.30,-0.50,3.17,1
1,405nm,-2.30,-0.40,3.16,1
1,405nm,-2.30,-0.30,3.16,1
1,405nm,-2.30,-0.20,3.16,1
1,405nm,-2.30,-0.10,3.16,1
1,405nm,-2.30,-0.00,3.16,1
1,405nm,-2.30,0.10,3.17,1
1,405nm,-2.30,0.20,3.18,1
1,405nm,-2.30,0.30,3.18,1
1,405nm,-2.30,0.40,3.19,1
1,405nm,-2.30,0.50,3.20,1
1,405nm,-2.30,0.60,3.20,1
1,405nm,-2.30,0.70,3.21,1
1,405nm,-2.30,0.80,3.21,1
1,405nm,-2.30,0.90,3.22,1
1,405nm,-2.30,1.00,3.23,1
1,405nm,-2.30,1.10,3.23,1
1,405nm,-2.30,1.20,3.23,1
1,405nm,-2.30,1.30,3.24,1
1,405nm,-2.30,1.40,3.24,1
1,405nm,-2.30,1.50,3.24,1
1,405nm,-2.30,1.60,3.24,1
1,405nm,-2.30,1.70,3.24,1
1,405nm,-2.30,1.80,3.25,1
1,405nm,-2.30,1.90,3.25,1
1,405nm,-2.30,2.00,3.25,1
1,405nm,-2.30,2.10,3.25,1
1,405nm,-2.30,2.20,3.25,1
1,405nm,-2.30,2.30,3.25,1
1,405nm,-2.30,2.40,3.25,1
1,405nm,-2.20,-2.50,3.23,1
1,405nm,-2.20,-2.40,3.25,1
1,405nm,-2.20,-2.30,3.25,1
1,405nm,-2.20,-2.20,3.25,1
1,405nm,-2.20,-2.10,3.24,1
1,405nm,-2.20,-2.00,3.24,1
1,405nm,-2.20,-1.90,3.24,1
1,405nm,-2.20,-1.80,3.24,1
1,405nm,-2.20,-1.70,3.23,1
1,405nm,-2.20,-1.60,3.23,1
1,405nm,-2.20,-1.50,3.23,1
1,405nm,-2.20,-1.40,3.22,1
1,405nm,-2.20,-1.30,3.21,1
1,405nm,-2.20,-1.20,3.20,1
1,405nm,-2.20,-1.10,3.19,1
1,405nm,-2.20,-1.00,3.18,1
1,405nm,-2.20,-0.90,3.16,1
1,405nm,-2.20,-0.80,3.15,1
1,405nm,-2.20,-0.70,3.14,1
1,405nm,-2.20,-0.60,3.12,1
1,405nm,-2.20,-0.50,3.11,1
1,405nm,-2.20,-0.40,3.11,1
1,405nm,-2.20,-0.30,3.11,1
1,405nm,-2.20,-0.20,3.12,1
1,405nm,-2.20,-0.10,3.13,1
1,405nm,-2.20,-0.00,3.13,1
1,405nm,-2.20,0.10,3.14,1
1,405nm,-2.20,0.20,3.15,1
1,405nm,-2.20,0.30,3.16,1
1,405nm,-2.20,0.40,3.16,1
1,405nm,-2.20,0.50,3.16,1
1,405nm,-2.20,0.60,3.16,1
1,405nm,-2.20,0.70,3.17,1
1,405nm,-2.20,0.80,3.19,1
1,405nm,-2.20,0.90,3.20,1
1,405nm,-2.20,1.00,3.21,1
1,405nm,-2.20,1.10,3.22,1
1,405nm,-2.20,1.20,3.23,1
1,405nm,-2.20,1.30,3.23,1
1,405nm,-2.20,1.40,3.23,1
1,405nm,-2.20,1.50,3.24,1
1,405nm,-2.20,1.60,3.24,1
1,405nm,-2.20,1.70,3.24,1
1,405nm,-2.20,1.80,3.25,1
1,405nm,-2.20,1.90,3.25,1
1,405nm,-2.20,2.00,3.25,1
1,405nm,-2.20,2.10,3.25,1
1,405nm,-2.20,2.20,3.25,1
1,405nm,-2.20,2.30,3.25,1
1,405nm,-2.20,2.40,3.25,1
1,405nm,-2.10,-2.50,3.23,1
1,405nm,-2.10,-2.40,3.25,1
1,405nm,-2.10,-2.30,3.25,1
1,405nm,-2.10,-2.20,3.24,1
1,405nm,-2.10,-2.10,3.24,1
1,405nm,-2.10,-2.00,3.24,1
1,405nm,-2.10,-1.90,3.24,1
1,405nm,-2.10,-1.80,3.23,1
1,405nm,-2.10,-1.70,3.23,1
1,405nm,-2.10,-1.60,3.22,1
1,405nm,-2.10,-1.50,3.20,1
1,405nm,-2.10,-1.40,3.19,1
1,405nm,-2.10,-1.30,3.18,1
1,405nm,-2.10,-1.20,3.16,1
1,405nm,-2.10,-1.10,3.15,1
1,405nm,-2.10,-1.00,3.13,1
1,405nm,-2.10,-0.90,3.11,1
1,405nm,-2.10,-0.80,3.10,1
1,405nm,-2.10,-0.70,3.10,1
1,405nm,-2.10,-0.60,3.10,1
1,405nm,-2.10,-0.50,3.10,1
1,405nm,-2.10,-0.40,3.11,1
1,405nm,-2.10,-0.30,3.12,1
1,405nm,-2.10,-0.20,3.13,1
1,405nm,-2.10,-0.10,3.13,1
1,405nm,-2.10,-0.00,3.14,1
1,405nm,-2.10,0.10,3.15,1
1,405nm,-2.10,0.20,3.16,1
1,405nm,-2.10,0.30,3.16,1
1,405nm,-2.10,0.40,3.16,1
1,405nm,-2.10,0.50,3.15,1
1,405nm,-2.10,0.60,3.15,1
1,405nm,-2.10,0.70,3.15,1
1,405nm,-2.10,0.80,3.15,1
1,405nm,-2.10,0.90,3.16,1
1,405nm,-2.10,1.00,3.18,1
1,405nm,-2.10,1.10,3.20,1
1,405nm,-2.10,1.20,3.21,1
1,405nm,-2.10,1.30,3.22,1
1,405nm,-2.10,1.40,3.23,1
1,405nm,-2.10,1.50,3.23,1
1,405nm,-2.10,1.60,3.24,1
1,405nm,-2.10,1.70,3.24,1
1,405nm,-2.10,1.80,3.24,1
1,405nm,-2.10,1.90,3.24,1
1,405nm,-2.10,2.00,3.25,1
1,405nm,-2.10,2.10,3.25,1
1,405nm,-2.10,2.20,3.25,1
1,405nm,-2.10,2.30,3.25,1
1,405nm,-2.10,2.40,3.25,1
1,405nm,-2.00,-2.50,3.23,1
1,405nm,-2.00,-2.40,3.24,1
1,405nm,-2.00,-2.30,3.24,1
1,405nm,-2.00,-2.20,3.24,1
1,405nm,-2.00,-2.10,3.24,1
1,405nm,-2.00,-2.00,3.24,1
1,405nm,-2.00,-1.90,3.23,1
1,405nm,-2.00,-1.80,3.23,1
1,405nm,-2.00,-1.70,3.21,1
1,405nm,-2.00,-1.60,3.20,1
1,405nm,-2.00,-1.50,3.18,1
1,405nm,-2.00,-1.40,3.16,1
1,405nm,-2.00,-1.30,3.15,1
1,405nm,-2.00,-1.20,3.12,1
1,405nm,-2.00,-1.10,3.10,1
1,405nm,-2.00,-1.00,3.09,1
1,405nm,-2.00,-0.90,3.09,1
1,405nm,-2.00,-0.80,3.09,1
1,405nm,-2.00,-0.70,3.10,1
1,405nm,-2.00,-0.60,3.12,1
1,405nm,-2.00,-0.50,3.13,1
1,405nm,-2.00,-0.40,3.14,1
1,405nm,-2.00,-0.30,3.15,1
1,405nm,-2.00,-0.20,3.16,1
1,405nm,-2.00,-0.10,3.17,1
1,405nm,-2.00,-0.00,3.18,1
1,405nm,-2.00,0.10,3.19,1
1,405nm,-2.00,0.20,3.19,1
1,405nm,-2.00,0.30,3.19,1
1,405nm,-2.00,0.40,3.19,1
1,405nm,-2.00,0.50,3.18,1
1,405nm,-2.00,0.60,3.17,1
1,405nm,-2.00,0.70,3.16,1
1,405nm,-2.00,0.80,3.14,1
1,405nm,-2.00,0.90,3.14,1
1,405nm,-2.00,1.00,3.15,1
1,405nm,-2.00,1.10,3.17,1
1,405nm,-2.00,1.20,3.19,1
1,405nm,-2.00,1.30,3.21,1
1,405nm,-2.00,1.40,3.21,1
1,405nm,-2.00,1.50,3.23,1
1,405nm,-2.00,1.60,3.23,1
1,405nm,-2.00,1.70,3.23,1
1,405nm,-2.00,1.80,3.24,1
1,405nm,-2.00,1.90,3.24,1
1,405nm,-2.00,2.00,3.24,1
1,405nm,-2.00,2.10,3.25,1
1,405nm,-2.00,2.20,3.25,1
1,405nm,-2.00,2.30,3.25,1
1,405nm,-2.00,2.40,3.25,1
1,405nm,-1.90,-2.50,3.23,1
1,405nm,-1.90,-2.40,3.24,1
1,405nm,-1.90,-2.30,3.24,1
1,405nm,-1.90,-2.20,3.24,1
1,405nm,-1.90,-2.10,3.24,1
1,405nm,-1.90,-2.00,3.23,1
1,405nm,-1.90,-1.90,3.22,1
1,405nm,-1.90,-1.80,3.21,1
1,405nm,-1.90,-1.70,3.19,1
1,405nm,-1.90,-1.60,3.17,1
1,405nm,-1.90,-1.50,3.14,1
1,405nm,-1.90,-1.40,3.12,1
1,405nm,-1.90,-1.30,3.10,1
1,405nm,-1.90,-1.20,3.09,1
1,405nm,-1.90,-1.10,3.08,1
1,405nm,-1.90,-1.00,3.09,1
1,405nm,-1.90,-0.90,3.09,1
1,405nm,-1.90,-0.80,3.11,1
1,405nm,-1.90,-0.70,3.13,1
1,405nm,-1.90,-0.60,3.14,1
1,405nm,-1.90,-0.50,3.16,1
1,405nm,-1.90,-0.40,3.17,1
1,405nm,-1.90,-0.30,3.18,1
1,405nm,-1.90,-0.20,3.19,1
1,405nm,-1.90,-0.10,3.20,1
1,405nm,-1.90,-0.00,3.20,1
1,405nm,-1.90,0.10,3.21,1
1,405nm,-1.90,0.20,3.21,1
1,405nm,-1.90,0.30,3.21,1
1,405nm,-1.90,0.40,3.21,1
1,405nm,-1.90,0.50,3.21,1
1,405nm,-1.90,0.60,3.20,1
1,405nm,-1.90,0.70,3.19,1
1,405nm,-1.90,0.80,3.17,1
1,405nm,-1.90,0.90,3.16,1
1,405nm,-1.90,1.00,3.15,1
1,405nm,-1.90,1.10,3.15,1
1,405nm,-1.90,1.20,3.17,1
1,405nm,-1.90,1.30,3.18,1
1,405nm,-1.90,1.40,3.20,1
1,405nm,-1.90,1.50,3.21,1
1,405nm,-1.90,1.60,3.22,1
1,405nm,-1.90,1.70,3.23,1
1,405nm,-1.90,1.80,3.23,1
1,405nm,-1.90,1.90,3.24,1
1,405nm,-1.90,2.00,3.24,1
1,405nm,-1.90,2.10,3.24,1
1,405nm,-1.90,2.20,3.24,1
1,405nm,-1.90,2.30,3.25,1
1,405nm,-1.90,2.40,3.24,1
1,405nm,-1.80,-2.50,3.23,1
1,405nm,-1.80,-2.40,3.24,1
1,405nm,-1.80,-2.30,3.24,1
1,405nm,-1.80,-2.20,3.24,1
1,405nm,-1.80,-2.10,3.23,1
1,405nm,-1.80,-2.00,3.22,1
1,405nm,-1.80,-1.90,3.21,1
1,405nm,-1.80,-1.80,3.18,1
1,405nm,-1.80,-1.70,3.16,1
1,405nm,-1.80,-1.60,3.13,1
1,405nm,-1.80,-1.50,3.10,1
1,405nm,-1.80,-1.40,3.08,1
1,405nm,-1.80,-1.30,3.08,1
1,405nm,-1.80,-1.20,3.08,1
1,405nm,-1.80,-1.10,3.08,1
1,405nm,-1.80,-1.00,3.10,1
1,405nm,-1.80,-0.90,3.12,1
1,405nm,-1.80,-0.80,3.12,1
1,405nm,-1.80,-0.70,3.14,1
1,405nm,-1.80,-0.60,3.16,1
1,405nm,-1.80,-0.50,3.17,1
1,405nm,-1.80,-0.40,3.18,1
1,405nm,-1.80,-0.30,3.19,1
1,405nm,-1.80,-0.20,3.20,1
1,405nm,-1.80,-0.10,3.20,1
1,405nm,-1.80,-0.00,3.21,1
1,405nm,-1.80,0.10,3.21,1
1,405nm,-1.80,0.20,3.22,1
1,405nm,-1.80,0.30,3.22,1
1,405nm,-1.80,0.40,3.22,1
1,405nm,-1.80,0.50,3.22,1
1,405nm,-1.80,0.60,3.22,1
1,405nm,-1.80,0.70,3.22,1
1,405nm,-1.80,0.80,3.21,1
1,405nm,-1.80,0.90,3.20,1
1,405nm,-1.80,1.00,3.18,1
1,405nm,-1.80,1.10,3.17,1
1,405nm,-1.80,1.20,3.16,1
1,405nm,-1.80,1.30,3.16,1
1,405nm,-1.80,1.40,3.17,1
1,405nm,-1.80,1.50,3.19,1
1,405nm,-1.80,1.60,3.20,1
1,405nm,-1.80,1.70,3.21,1
1,405nm,-1.80,1.80,3.22,1
1,405nm,-1.80,1.90,3.23,1
1,405nm,-1.80,2.00,3.23,1
1,405nm,-1.80,2.10,3.24,1
1,405nm,-1.80,2.20,3.24,1
1,405nm,-1.80,2.30,3.24,1
1,405nm,-1.80,2.40,3.24,1
1,405nm,-1.70,-2.50,3.23,1
1,405nm,-1.70,-2.40,3.24,1
1,405nm,-1.70,-2.30,3.23,1
1,405nm,-1.70,-2.20,3.23,1
1,405nm,-1.70,-2.10,3.22,1
1,405nm,-1.70,-2.00,3.20,1
1,405nm,-1.70,-1.90,3.18,1
1,405nm,-1.70,-1.80,3.15,1
1,405nm,-1.70,-1.70,3.12,1
1,405nm,-1.70,-1.60,3.08,1
1,405nm,-1.70,-1.50,3.06,1
1,405nm,-1.70,-1.40,3.06,1
1,405nm,-1.70,-1.30,3.07,1
1,405nm,-1.70,-1.20,3.09,1
1,405nm,-1.70,-1.10,3.10,1
1,405nm,-1.70,-1.00,3.10,1
1,405nm,-1.70,-0.90,3.11,1
1,405nm,-1.70,-0.80,3.12,1
1,405nm,-1.70,-0.70,3.13,1
1,405nm,-1.70,-0.60,3.14,1
1,405nm,-1.70,-0.50,3.16,1
1,405nm,-1.70,-0.40,3.17,1
1,405nm,-1.70,-0.30,3.18,1
1,405nm,-1.70,-0.20,3.19,1
1,405nm,-1.70,-0.10,3.20,1
1,405nm,-1.70,-0.00,3.20,1
1,405nm,-1.70,0.10,3.21,1
1,405nm,-1.70,0.20,3.21,1
1,405nm,-1.70,0.30,3.22,1
1,405nm,-1.70,0.40,3.22,1
1,405nm,-1.70,0.50,3.23,1
1,405nm,-1.70,0.60,3.23,1
1,405nm,-1.70,0.70,3.23,1
1,405nm,-1.70,0.80,3.23,1
1,405nm,-1.70,0.90,3.22,1
1,405nm,-1.70,1.00,3.21,1
1,405nm,-1.70,1.10,3.20,1
1,405nm,-1.70,1.20,3.19,1
1,405nm,-1.70,1.30,3.16,1
1,405nm,-1.70,1.40,3.15,1
1,405nm,-1.70,1.50,3.15,1
1,405nm,-1.70,1.60,3.17,1
1,405nm,-1.70,1.70,3.20,1
1,405nm,-1.70,1.80,3.21,1
1,405nm,-1.70,1.90,3.23,1
1,405nm,-1.70,2.00,3.23,1
1,405nm,-1.70,2.10,3.24,1
1,405nm,-1.70,2.20,3.24,1
1,405nm,-1.70,2.30,3.24,1
1,405nm,-1.70,2.40,3.25,1
1,405nm,-1.60,-2.50,3.23,1
1,405nm,-1.60,-2.40,3.24,1
1,405nm,-1.60,-2.30,3.23,1
1,405nm,-1.60,-2.20,3.22,1
1,405nm,-1.60,-2.10,3.19,1
1,405nm,-1.60,-2.00,3.17,1
1,405nm,-1.60,-1.90,3.13,1
1,405nm,-1.60,-1.80,3.09,1
1,405nm,-1.60,-1.70,3.05,1
1,405nm,-1.60,-1.60,3.04,1
1,405nm,-1.60,-1.50,3.04,1
1,405nm,-1.60,-1.40,3.05,1
1,405nm,-1.60,-1.30,3.06,1
1,405nm,-1.60,-1.20,3.07,1
1,405nm,-1.60,-1.10,3.08,1
1,405nm,-1.60,-1.00,3.09,1
1,405nm,-1.60,-0.90,3.08,1
1,405nm,-1.60,-0.80,3.09,1
1,405nm,-1.60,-0.70,3.09,1
1,405nm,-1.60,-0.60,3.11,1
1,405nm,-1.60,-0.50,3.12,1
1,405nm,-1.60,-0.40,3.14,1
1,405nm,-1.60,-0.30,3.15,1
1,405nm,-1.60,-0.20,3.15,1
1,405nm,-1.60,-0.10,3.17,1
1,405nm,-1.60,-0.00,3.18,1
1,405nm,-1.60,0.10,3.19,1
1,405nm,-1.60,0.20,3.21,1
1,405nm,-1.60,0.30,3.21,1
1,405nm,-1.60,0.40,3.22,1
1,405nm,-1.60,0.50,3.22,1
1,405nm,-1.60,0.60,3.23,1
1,405nm,-1.60,0.70,3.23,1
1,405nm,-1.60,0.80,3.23,1
1,405nm,-1.60,0.90,3.23,1
1,405nm,-1.60,1.00,3.23,1
1,405nm,-1.60,1.10,3.22,1
1,405nm,-1.60,1.20,3.20,1
1,405nm,-1.60,1.30,3.18,1
1,405nm,-1.60,1.40,3.15,1
1,405nm,-1.60,1.50,3.12,1
1,405nm,-1.60,1.60,3.14,1
1,405nm,-1.60,1.70,3.18,1
1,405nm,-1.60,1.80,3.21,1
1,405nm,-1.60,1.90,3.22,1
1,405nm,-1.60,2.00,3.23,1
1,405nm,-1.60,2.10,3.23,1
1,405nm,-1.60,2.20,3.24,1
1,405nm,-1.60,2.30,3.24,1
1,405nm,-1.60,2.40,3.24,1
1,405nm,-1.50,-2.50,3.23,1
1,405nm,-1.50,-2.40,3.23,1
1,405nm,-1.50,-2.30,3.22,1
1,405nm,-1.50,-2.20,3.19,1
1,405nm,-1.50,-2.10,3.17,1
1,405nm,-1.50,-2.00,3.13,1
1,405nm,-1.50,-1.90,3.08,1
1,405nm,-1.50,-1.80,3.01,1
1,405nm,-1.50,-1.70,2.99,1
1,405nm,-1.50,-1.60,3.02,1
1,405nm,-1.50,-1.50,3.02,1
1,405nm,-1.50,-1.40,3.04,1
1,405nm,-1.50,-1.30,3.05,1
1,405nm,-1.50,-1.20,3.04,1
1,405nm,-1.50,-1.10,3.03,1
1,405nm,-1.50,-1.00,3.02,1
1,405nm,-1.50,-0.90,3.02,1
1,405nm,-1.50,-0.80,3.03,1
1,405nm,-1.50,-0.70,3.03,1
1,405nm,-1.50,-0.60,3.05,1
1,405nm,-1.50,-0.50,3.07,1
1,405nm,-1.50,-0.40,3.08,1
1,405nm,-1.50,-0.30,3.10,1
1,405nm,-1.50,-0.20,3.12,1
1,405nm,-1.50,-0.10,3.12,1
1,405nm,-1.50,-0.00,3.14,1
1,405nm,-1.50,0.10,3.16,1
1,405nm,-1.50,0.20,3.17,1
1,405nm,-1.50,0.30,3.20,1
1,405nm,-1.50,0.40,3.21,1
1,405nm,-1.50,0.50,3.21,1
1,405nm,-1.50,0.60,3.22,1
1,405nm,-1.50,0.70,3.22,1
1,405nm,-1.50,0.80,3.23,1
1,405nm,-1.50,0.90,3.23,1
1,405nm,-1.50,1.00,3.23,1
1,405nm,-1.50,1.10,3.23,1
1,405nm,-1.50,1.20,3.22,1
1,405nm,-1.50,1.30,3.20,1
1,405nm,-1.50,1.40,3.16,1
1,405nm,-1.50,1.50,3.15,1
1,405nm,-1.50,1.60,3.15,1
1,405nm,-1.50,1.70,3.19,1
1,405nm,-1.50,1.80,3.21,1
1,405nm,-1.50,1.90,3.22,1
1,405nm,-1.50,2.00,3.23,1
1,405nm,-1.50,2.10,3.23,1
1,405nm,-1.50,2.20,3.24,1
1,405nm,-1.50,2.30,3.24,1
1,405nm,-1.50,2.40,3.24,1
1,405nm,-1.40,-2.50,3.23,1
1,405nm,-1.40,-2.40,3.22,1
1,405nm,-1.40,-2.30,3.19,1
1,405nm,-1.40,-2.20,3.16,1
1,405nm,-1.40,-2.10,3.12,1
1,405nm,-1.40,-2.00,3.07,1
1,405nm,-1.40,-1.90,3.01,1
1,405nm,-1.40,-1.80,2.95,1
1,405nm,-1.40,-1.70,2.96,1
1,405nm,-1.40,-1.60,2.98,1
1,405nm,-1.40,-1.50,2.99,1
1,405nm,-1.40,-1.40,2.99,1
1,405nm,-1.40,-1.30,2.97,1
1,405nm,-1.40,-1.20,2.94,1
1,405nm,-1.40,-1.10,2.94,1
1,405nm,-1.40,-1.00,2.94,1
1,405nm,-1.40,-0.90,2.95,1
1,405nm,-1.40,-0.80,2.96,1
1,405nm,-1.40,-0.70,2.97,1
1,405nm,-1.40,-0.60,2.98,1
1,405nm,-1.40,-0.50,3.00,1
1,405nm,-1.40,-0.40,3.03,1
1,405nm,-1.40,-0.30,3.05,1
1,405nm,-1.40,-0.20,3.08,1
1,405nm,-1.40,-0.10,3.10,1
1,405nm,-1.40,-0.00,3.11,1
1,405nm,-1.40,0.10,3.13,1
1,405nm,-1.40,0.20,3.15,1
1,405nm,-1.40,0.30,3.17,1
1,405nm,-1.40,0.40,3.19,1
1,405nm,-1.40,0.50,3.20,1
1,405nm,-1.40,0.60,3.21,1
1,405nm,-1.40,0.70,3.21,1
1,405nm,-1.40,0.80,3.22,1
1,405nm,-1.40,0.90,3.23,1
1,405nm,-1.40,1.00,3.23,1
1,405nm,-1.40,1.10,3.23,1
1,405nm,-1.40,1.20,3.22,1
1,405nm,-1.40,1.30,3.21,1
1,405nm,-1.40,1.40,3.20,1
1,405nm,-1.40,1.50,3.19,1
1,405nm,-1.40,1.60,3.20,1
1,405nm,-1.40,1.70,3.21,1
1,405nm,-1.40,1.80,3.22,1
1,405nm,-1.40,1.90,3.22,1
1,405nm,-1.40,2.00,3.23,1
1,405nm,-1.40,2.10,3.23,1
1,405nm,-1.40,2.20,3.23,1
1,405nm,-1.40,2.30,3.24,1
1,405nm,-1.40,2.40,3.24,1
1,405nm,-1.30,-2.50,3.23,1
1,405nm,-1.30,-2.40,3.21,1
1,405nm,-1.30,-2.30,3.16,1
1,405nm,-1.30,-2.20,3.12,1
1,405nm,-1.30,-2.10,3.07,1
1,405nm,-1.30,-2.00,3.00,1
1,405nm,-1.30,-1.90,2.90,1
1,405nm,-1.30,-1.80,2.89,1
1,405nm,-1.30,-1.70,2.95,1
1,405nm,-1.30,-1.60,2.97,1
1,405nm,-1.30,-1.50,2.95,1
1,405nm,-1.30,-1.40,2.92,1
1,405nm,-1.30,-1.30,2.89,1
1,405nm,-1.30,-1.20,2.87,1
1,405nm,-1.30,-1.10,2.85,1
1,405nm,-1.30,-1.00,2.85,1
1,405nm,-1.30,-0.90,2.84,1
1,405nm,-1.30,-0.80,2.87,1
1,405nm,-1.30,-0.70,2.89,1
1,405nm,-1.30,-0.60,2.91,1
1,405nm,-1.30,-0.50,2.95,1
1,405nm,-1.30,-0.40,2.98,1
1,405nm,-1.30,-0.30,2.99,1
1,405nm,-1.30,-0.20,3.02,1
1,405nm,-1.30,-0.10,3.05,1
1,405nm,-1.30,-0.00,3.09,1
1,405nm,-1.30,0.10,3.10,1
1,405nm,-1.30,0.20,3.13,1
1,405nm,-1.30,0.30,3.15,1
1,405nm,-1.30,0.40,3.16,1
1,405nm,-1.30,0.50,3.18,1
1,405nm,-1.30,0.60,3.19,1
1,405nm,-1.30,0.70,3.20,1
1,405nm,-1.30,0.80,3.21,1
1,405nm,-1.30,0.90,3.21,1
1,405nm,-1.30,1.00,3.22,1
1,405nm,-1.30,1.10,3.22,1
1,405nm,-1.30,1.20,3.22,1
1,405nm,-1.30,1.30,3.22,1
1,405nm,-1.30,1.40,3.22,1
1,405nm,-1.30,1.50,3.22,1
1,405nm,-1.30,1.60,3.22,1
1,405nm,-1.30,1.70,3.22,1
1,405nm,-1.30,1.80,3.22,1
1,405nm,-1.30,1.90,3.22,1
1,405nm,-1.30,2.00,3.22,1
1,405nm,-1.30,2.10,3.22,1
1,405nm,-1.30,2.20,3.23,1
1,405nm,-1.30,2.30,3.23,1
1,405nm,-1.30,2.40,3.23,1
1,405nm,-1.20,-2.50,3.23,1
1,405nm,-1.20,-2.40,3.18,1
1,405nm,-1.20,-2.30,3.14,1
1,405nm,-1.20,-2.20,3.08,1
1,405nm,-1.20,-2.10,3.01,1
1,405nm,-1.20,-2.00,2.90,1
1,405nm,-1.20,-1.90,2.79,1
1,405nm,-1.20,-1.80,2.87,1
1,405nm,-1.20,-1.70,2.91,1
1,405nm,-1.20,-1.60,2.90,1
1,405nm,-1.20,-1.50,2.86,1
1,405nm,-1.20,-1.40,2.83,1
1,405nm,-1.20,-1.30,2.78,1
1,405nm,-1.20,-1.20,2.73,1
1,405nm,-1.20,-1.10,2.71,1
1,405nm,-1.20,-1.00,2.71,1
1,405nm,-1.20,-0.90,2.75,1
1,405nm,-1.20,-0.80,2.76,1
1,405nm,-1.20,-0.70,2.78,1
1,405nm,-1.20,-0.60,2.83,1
1,405nm,-1.20,-0.50,2.88,1
1,405nm,-1.20,-0.40,2.93,1
1,405nm,-1.20,-0.30,2.93,1
1,405nm,-1.20,-0.20,2.94,1
1,405nm,-1.20,-0.10,2.99,1
1,405nm,-1.20,-0.00,3.03,1
1,405nm,-1.20,0.10,3.06,1
1,405nm,-1.20,0.20,3.07,1
1,405nm,-1.20,0.30,3.11,1
1,405nm,-1.20,0.40,3.14,1
1,405nm,-1.20,0.50,3.15,1
1,405nm,-1.20,0.60,3.16,1
1,405nm,-1.20,0.70,3.18,1
1,405nm,-1.20,0.80,3.19,1
1,405nm,-1.20,0.90,3.20,1
1,405nm,-1.20,1.00,3.21,1
1,405nm,-1.20,1.10,3.22,1
1,405nm,-1.20,1.20,3.22,1
1,405nm,-1.20,1.30,3.22,1
1,405nm,-1.20,1.40,3.23,1
1,405nm,-1.20,1.50,3.23,1
1,405nm,-1.20,1.60,3.23,1
1,405nm,-1.20,1.70,3.22,1
1,405nm,-1.20,1.80,3.21,1
1,405nm,-1.20,1.90,3.20,1
1,405nm,-1.20,2.00,3.19,1
1,405nm,-1.20,2.10,3.19,1
1,405nm,-1.20,2.20,3.21,1
1,405nm,-1.20,2.30,3.22,1
1,405nm,-1.20,2.40,3.23,1
1,405nm,-1.10,-2.50,3.23,1
1,405nm,-1.10,-2.40,3.15,1
1,405nm,-1.10,-2.30,3.10,1
1,405nm,-1.10,-2.20,3.02,1
1,405nm,-1.10,-2.10,2.94,1
1,405nm,-1.10,-2.00,2.83,1
1,405nm,-1.10,-1.90,2.77,1
1,405nm,-1.10,-1.80,2.86,1
1,405nm,-1.10,-1.70,2.87,1
1,405nm,-1.10,-1.60,2.83,1
1,405nm,-1.10,-1.50,2.76,1
1,405nm,-1.10,-1.40,2.70,1
1,405nm,-1.10,-1.30,2.67,1
1,405nm,-1.10,-1.20,2.63,1
1,405nm,-1.10,-1.10,2.64,1
1,405nm,-1.10,-1.00,2.65,1
1,405nm,-1.10,-0.90,2.66,1
1,405nm,-1.10,-0.80,2.65,1
1,405nm,-1.10,-0.70,2.67,1
1,405nm,-1.10,-0.60,2.72,1
1,405nm,-1.10,-0.50,2.75,1
1,405nm,-1.10,-0.40,2.82,1
1,405nm,-1.10,-0.30,2.89,1
1,405nm,-1.10,-0.20,2.92,1
1,405nm,-1.10,-0.10,2.92,1
1,405nm,-1.10,-0.00,2.96,1
1,405nm,-1.10,0.10,3.01,1
1,405nm,-1.10,0.20,3.04,1
1,405nm,-1.10,0.30,3.08,1
1,405nm,-1.10,0.40,3.10,1
1,405nm,-1.10,0.50,3.13,1
1,405nm,-1.10,0.60,3.15,1
1,405nm,-1.10,0.70,3.16,1
1,405nm,-1.10,0.80,3.18,1
1,405nm,-1.10,0.90,3.20,1
1,405nm,-1.10,1.00,3.21,1
1,405nm,-1.10,1.10,3.21,1
1,405nm,-1.10,1.20,3.22,1
1,405nm,-1.10,1.30,3.22,1
1,405nm,-1.10,1.40,3.23,1
1,405nm,-1.10,1.50,3.23,1
1,405nm,-1.10,1.60,3.23,1
1,405nm,-1.10,1.70,3.22,1
1,405nm,-1.10,1.80,3.20,1
1,405nm,-1.10,1.90,3.17,1
1,405nm,-1.10,2.00,3.16,1
1,405nm,-1.10,2.10,3.19,1
1,405nm,-1.10,2.20,3.20,1
1,405nm,-1.10,2.30,3.22,1
1,405nm,-1.10,2.40,3.23,1
1,405nm,-1.00,-2.50,3.23,1
1,405nm,-1.00,-2.40,3.11,1
1,405nm,-1.00,-2.30,3.04,1
1,405nm,-1.00,-2.20,2.96,1
1,405nm,-1.00,-2.10,2.86,1
1,405nm,-1.00,-2.00,2.73,1
1,405nm,-1.00,-1.90,2.78,1
1,405nm,-1.00,-1.80,2.83,1
1,405nm,-1.00,-1.70,2.82,1
1,405nm,-1.00,-1.60,2.75,1
1,405nm,-1.00,-1.50,2.67,1
1,405nm,-1.00,-1.40,2.63,1
1,405nm,-1.00,-1.30,2.60,1
1,405nm,-1.00,-1.20,2.61,1
1,405nm,-1.00,-1.10,2.61,1
1,405nm,-1.00,-1.00,2.61,1
1,405nm,-1.00,-0.90,2.60,1
1,405nm,-1.00,-0.80,2.62,1
1,405nm,-1.00,-0.70,2.64,1
1,405nm,-1.00,-0.60,2.68,1
1,405nm,-1.00,-0.50,2.70,1
1,405nm,-1.00,-0.40,2.71,1
1,405nm,-1.00,-0.30,2.73,1
1,405nm,-1.00,-0.20,2.81,1
1,405nm,-1.00,-0.10,2.87,1
1,405nm,-1.00,-0.00,2.91,1
1,405nm,-1.00,0.10,2.94,1
1,405nm,-1.00,0.20,2.99,1
1,405nm,-1.00,0.30,3.02,1
1,405nm,-1.00,0.40,3.06,1
1,405nm,-1.00,0.50,3.10,1
1,405nm,-1.00,0.60,3.14,1
1,405nm,-1.00,0.70,3.16,1
1,405nm,-1.00,0.80,3.17,1
1,405nm,-1.00,0.90,3.19,1
1,405nm,-1.00,1.00,3.20,1
1,405nm,-1.00,1.10,3.21,1
1,405nm,-1.00,1.20,3.22,1
1,405nm,-1.00,1.30,3.22,1
1,405nm,-1.00,1.40,3.23,1
1,405nm,-1.00,1.50,3.23,1
1,405nm,-1.00,1.60,3.23,1
1,405nm,-1.00,1.70,3.22,1
1,405nm,-1.00,1.80,3.19,1
1,405nm,-1.00,1.90,3.17,1
1,405nm,-1.00,2.00,3.17,1
1,405nm,-1.00,2.10,3.18,1
1,405nm,-1.00,2.20,3.20,1
1,405nm,-1.00,2.30,3.21,1
1,405nm,-1.00,2.40,3.23,1
1,405nm,-0.90,-2.50,3.23,1
1,405nm,-0.90,-2.40,3.08,1
1,405nm,-0.90,-2.30,2.98,1
1,405nm,-0.90,-2.20,2.89,1
1,405nm,-0.90,-2.10,2.76,1
1,405nm,-0.90,-2.00,2.65,1
1,405nm,-0.90,-1.90,2.75,1
1,405nm,-0.90,-1.80,2.79,1
1,405nm,-0.90,-1.70,2.74,1
1,405nm,-0.90,-1.60,2.67,1
1,405nm,-0.90,-1.50,2.64,1
1,405nm,-0.90,-1.40,2.58,1
1,405nm,-0.90,-1.30,2.54,1
1,405nm,-0.90,-1.20,2.55,1
1,405nm,-0.90,-1.10,2.56,1
1,405nm,-0.90,-1.00,2.55,1
1,405nm,-0.90,-0.90,2.55,1
1,405nm,-0.90,-0.80,2.55,1
1,405nm,-0.90,-0.70,2.55,1
1,405nm,-0.90,-0.60,2.57,1
1,405nm,-0.90,-0.50,2.59,1
1,405nm,-0.90,-0.40,2.60,1
1,405nm,-0.90,-0.30,2.67,1
1,405nm,-0.90,-0.20,2.71,1
1,405nm,-0.90,-0.10,2.76,1
1,405nm,-0.90,-0.00,2.80,1
1,405nm,-0.90,0.10,2.85,1
1,405nm,-0.90,0.20,2.92,1
1,405nm,-0.90,0.30,2.96,1
1,405nm,-0.90,0.40,3.02,1
1,405nm,-0.90,0.50,3.06,1
1,405nm,-0.90,0.60,3.10,1
1,405nm,-0.90,0.70,3.14,1
1,405nm,-0.90,0.80,3.16,1
1,405nm,-0.90,0.90,3.18,1
1,405nm,-0.90,1.00,3.19,1
1,405nm,-0.90,1.10,3.20,1
1,405nm,-0.90,1.20,3.21,1
1,405nm,-0.90,1.30,3.22,1
1,405nm,-0.90,1.40,3.23,1
1,405nm,-0.90,1.50,3.23,1
1,405nm,-0.90,1.60,3.23,1
1,405nm,-0.90,1.70,3.22,1
1,405nm,-0.90,1.80,3.21,1
1,405nm,-0.90,1.90,3.19,1
1,405nm,-0.90,2.00,3.18,1
1,405nm,-0.90,2.10,3.18,1
1,405nm,-0.90,2.20,3.20,1
1,405nm,-0.90,2.30,3.21,1
1,405nm,-0.90,2.40,3.23,1
1,405nm,-0.80,-2.50,3.23,1
1,405nm,-0.80,-2.40,3.04,1
1,405nm,-0.80,-2.30,2.94,1
1,405nm,-0.80,-2.20,2.81,1
1,405nm,-0.80,-2.10,2.65,1
1,405nm,-0.80,-2.00,2.69,1
1,405nm,-0.80,-1.90,2.76,1
1,405nm,-0.80,-1.80,2.75,1
1,405nm,-0.80,-1.70,2.70,1
1,405nm,-0.80,-1.60,2.63,1
1,405nm,-0.80,-1.50,2.57,1
1,405nm,-0.80,-1.40,2.56,1
1,405nm,-0.80,-1.30,2.55,1
1,405nm,-0.80,-1.20,2.51,1
1,405nm,-0.80,-1.10,2.47,1
1,405nm,-0.80,-1.00,2.47,1
1,405nm,-0.80,-0.90,2.47,1
1,405nm,-0.80,-0.80,2.46,1
1,405nm,-0.80,-0.70,2.45,1
1,405nm,-0.80,-0.60,2.48,1
1,405nm,-0.80,-0.50,2.52,1
1,405nm,-0.80,-0.40,2.55,1
1,405nm,-0.80,-0.30,2.57,1
1,405nm,-0.80,-0.20,2.63,1
1,405nm,-0.80,-0.10,2.67,1
1,405nm,-0.80,-0.00,2.74,1
1,405nm,-0.80,0.10,2.79,1
1,405nm,-0.80,0.20,2.85,1
1,405nm,-0.80,0.30,2.92,1
1,405nm,-0.80,0.40,2.97,1
1,405nm,-0.80,0.50,3.03,1
1,405nm,-0.80,0.60,3.08,1
1,405nm,-0.80,0.70,3.11,1
1,405nm,-0.80,0.80,3.15,1
1,405nm,-0.80,0.90,3.17,1
1,405nm,-0.80,1.00,3.18,1
1,405nm,-0.80,1.10,3.20,1
1,405nm,-0.80,1.20,3.21,1
1,405nm,-0.80,1.30,3.22,1
1,405nm,-0.80,1.40,3.23,1
1,405nm,-0.80,1.50,3.23,1
1,405nm,-0.80,1.60,3.23,1
1,405nm,-0.80,1.70,3.23,1
1,405nm,-0.80,1.80,3.22,1
1,405nm,-0.80,1.90,3.20,1
1,405nm,-0.80,2.00,3.18,1
1,405nm,-0.80,2.10,3.18,1
1,405nm,-0.80,2.20,3.19,1
1,405nm,-0.80,2.30,3.21,1
1,405nm,-0.80,2.40,3.22,1
1,405nm,-0.70,-2.50,3.23,1
1,405nm,-0.70,-2.40,3.00,1
1,405nm,-0.70,-2.30,2.88,1
1,405nm,-0.70,-2.20,2.72,1
1,405nm,-0.70,-2.10,2.58,1
1,405nm,-0.70,-2.00,2.71,1
1,405nm,-0.70,-1.90,2.73,1
1,405nm,-0.70,-1.80,2.72,1
1,405nm,-0.70,-1.70,2.64,1
1,405nm,-0.70,-1.60,2.59,1
1,405nm,-0.70,-1.50,2.60,1
1,405nm,-0.70,-1.40,2.56,1
1,405nm,-0.70,-1.30,2.50,1
1,405nm,-0.70,-1.20,2.48,1
1,405nm,-0.70,-1.10,2.46,1
1,405nm,-0.70,-1.00,2.42,1
1,405nm,-0.70,-0.90,2.41,0
1,405nm,-0.70,-0.80,2.40,0
1,405nm,-0.70,-0.70,2.40,0
1,405nm,-0.70,-0.60,2.41,0
1,405nm,-0.70,-0.50,2.40,0
1,405nm,-0.70,-0.40,2.44,0
1,405nm,-0.70,-0.30,2.48,1
1,405nm,-0.70,-0.20,2.52,1
1,405nm,-0.70,-0.10,2.60,1
1,405nm,-0.70,-0.00,2.63,1
1,405nm,-0.70,0.10,2.73,1
1,405nm,-0.70,0.20,2.80,1
1,405nm,-0.70,0.30,2.85,1
1,405nm,-0.70,0.40,2.92,1
1,405nm,-0.70,0.50,2.97,1
1,405nm,-0.70,0.60,3.03,1
1,405nm,-0.70,0.70,3.08,1
1,405nm,-0.70,0.80,3.13,1
1,405nm,-0.70,0.90,3.15,1
1,405nm,-0.70,1.00,3.18,1
1,405nm,-0.70,1.10,3.19,1
1,405nm,-0.70,1.20,3.21,1
1,405nm,-0.70,1.30,3.22,1
1,405nm,-0.70,1.40,3.22,1
1,405nm,-0.70,1.50,3.23,1
1,405nm,-0.70,1.60,3.23,1
1,405nm,-0.70,1.70,3.23,1
1,405nm,-0.70,1.80,3.22,1
1,405nm,-0.70,1.90,3.20,1
1,405nm,-0.70,2.00,3.18,1
1,405nm,-0.70,2.10,3.18,1
1,405nm,-0.70,2.20,3.18,1
1,405nm,-0.70,2.30,3.20,1
1,405nm,-0.70,2.40,3.22,1
1,405nm,-0.60,-2.50,3.23,1
1,405nm,-0.60,-2.40,2.96,1
1,405nm,-0.60,-2.30,2.81,1
1,405nm,-0.60,-2.20,2.66,1
1,405nm,-0.60,-2.10,2.60,1
1,405nm,-0.60,-2.00,2.72,1
1,405nm,-0.60,-1.90,2.74,1
1,405nm,-0.60,-1.80,2.68,1
1,405nm,-0.60,-1.70,2.62,1
1,405nm,-0.60,-1.60,2.60,1
1,405nm,-0.60,-1.50,2.57,1
1,405nm,-0.60,-1.40,2.50,1
1,405nm,-0.60,-1.30,2.46,1
1,405nm,-0.60,-1.20,2.43,0
1,405nm,-0.60,-1.10,2.39,0
1,405nm,-0.60,-1.00,2.36,0
1,405nm,-0.60,-0.90,2.34,0
1,405nm,-0.60,-0.80,2.31,0
1,405nm,-0.60,-0.70,2.29,0
1,405nm,-0.60,-0.60,2.28,0
1,405nm,-0.60,-0.50,2.31,0
1,405nm,-0.60,-0.40,2.35,0
1,405nm,-0.60,-0.30,2.33,0
1,405nm,-0.60,-0.20,2.39,0
1,405nm,-0.60,-0.10,2.44,0
1,405nm,-0.60,-0.00,2.55,1
1,405nm,-0.60,0.10,2.61,1
1,405nm,-0.60,0.20,2.71,1
1,405nm,-0.60,0.30,2.81,1
1,405nm,-0.60,0.40,2.84,1
1,405nm,-0.60,0.50,2.91,1
1,405nm,-0.60,0.60,2.98,1
1,405nm,-0.60,0.70,3.03,1
1,405nm,-0.60,0.80,3.08,1
1,405nm,-0.60,0.90,3.13,1
1,405nm,-0.60,1.00,3.15,1
1,405nm,-0.60,1.10,3.18,1
1,405nm,-0.60,1.20,3.20,1
1,405nm,-0.60,1.30,3.21,1
1,405nm,-0.60,1.40,3.22,1
1,405nm,-0.60,1.50,3.22,1
1,405nm,-0.60,1.60,3.23,1
1,405nm,-0.60,1.70,3.23,1
1,405nm,-0.60,1.80,3.22,1
1,405nm,-0.60,1.90,3.21,1
1,405nm,-0.60,2.00,3.19,1
1,405nm,-0.60,2.10,3.18,1
1,405nm,-0.60,2.20,3.18,1
1,405nm,-0.60,2.30,3.20,1
1,405nm,-0.60,2.40,3.22,1
1,405nm,-0.50,-2.50,3.23,1
1,405nm,-0.50,-2.40,2.92,1
1,405nm,-0.50,-2.30,2.78,1
1,405nm,-0.50,-2.20,2.62,1
1,405nm,-0.50,-2.10,2.64,1
1,405nm,-0.50,-2.00,2.72,1
1,405nm,-0.50,-1.90,2.72,1
1,405nm,-0.50,-1.80,2.66,1
1,405nm,-0.50,-1.70,2.61,1
1,405nm,-0.50,-1.60,2.58,1
1,405nm,-0.50,-1.50,2.53,1
1,405nm,-0.50,-1.40,2.46,1
1,405nm,-0.50,-1.30,2.41,0
1,405nm,-0.50,-1.20,2.39,0
1,405nm,-0.50,-1.10,2.33,0
1,405nm,-0.50,-1.00,2.28,0
1,405nm,-0.50,-0.90,2.23,0
1,405nm,-0.50,-0.80,2.19,0
1,405nm,-0.50,-0.70,2.16,0
1,405nm,-0.50,-0.60,2.12,0
1,405nm,-0.50,-0.50,2.19,0
1,405nm,-0.50,-0.40,2.22,0
1,405nm,-0.50,-0.30,2.13,0
1,405nm,-0.50,-0.20,2.18,0
1,405nm,-0.50,-0.10,2.27,0
1,405nm,-0.50,-0.00,2.35,0
1,405nm,-0.50,0.10,2.44,1
1,405nm,-0.50,0.20,2.59,1
1,405nm,-0.50,0.30,2.68,1
1,405nm,-0.50,0.40,2.76,1
1,405nm,-0.50,0.50,2.83,1
1,405nm,-0.50,0.60,2.93,1
1,405nm,-0.50,0.70,2.99,1
1,405nm,-0.50,0.80,3.05,1
1,405nm,-0.50,0.90,3.09,1
1,405nm,-0.50,1.00,3.13,1
1,405nm,-0.50,1.10,3.16,1
1,405nm,-0.50,1.20,3.19,1
1,405nm,-0.50,1.30,3.20,1
1,405nm,-0.50,1.40,3.21,1
1,405nm,-0.50,1.50,3.21,1
1,405nm,-0.50,1.60,3.22,1
1,405nm,-0.50,1.70,3.22,1
1,405nm,-0.50,1.80,3.22,1
1,405nm,-0.50,1.90,3.21,1
1,405nm,-0.50,2.00,3.20,1
1,405nm,-0.50,2.10,3.18,1
1,405nm,-0.50,2.20,3.18,1
1,405nm,-0.50,2.30,3.20,1
1,405nm,-0.50,2.40,3.21,1
1,405nm,-0.40,-2.50,3.23,1
1,405nm,-0.40,-2.40,2.91,1
1,405nm,-0.40,-2.30,2.76,1
1,405nm,-0.40,-2.20,2.59,1
1,405nm,-0.40,-2.10,2.67,1
1,405nm,-0.40,-2.00,2.71,1
1,405nm,-0.40,-1.90,2.71,1
1,405nm,-0.40,-1.80,2.66,1
1,405nm,-0.40,-1.70,2.60,1
1,405nm,-0.40,-1.60,2.56,1
1,405nm,-0.40,-1.50,2.48,1
1,405nm,-0.40,-1.40,2.42,1
1,405nm,-0.40,-1.30,2.37,0
1,405nm,-0.40,-1.20,2.31,0
1,405nm,-0.40,-1.10,2.23,0
1,405nm,-0.40,-1.00,2.14,0
1,405nm,-0.40,-0.90,2.04,0
1,405nm,-0.40,-0.80,1.97,0
1,405nm,-0.40,-0.70,1.91,0
1,405nm,-0.40,-0.60,1.93,0
1,405nm,-0.40,-0.50,2.04,0
1,405nm,-0.40,-0.40,1.92,0
1,405nm,-0.40,-0.30,1.83,0
1,405nm,-0.40,-0.20,1.93,0
1,405nm,-0.40,-0.10,2.01,0
1,405nm,-0.40,-0.00,2.13,0
1,405nm,-0.40,0.10,2.33,0
1,405nm,-0.40,0.20,2.42,0
1,405nm,-0.40,0.30,2.54,1
1,405nm,-0.40,0.40,2.65,1
1,405nm,-0.40,0.50,2.75,1
1,405nm,-0.40,0.60,2.83,1
1,405nm,-0.40,0.70,2.94,1
1,405nm,-0.40,0.80,3.01,1
1,405nm,-0.40,0.90,3.06,1
1,405nm,-0.40,1.00,3.11,1
1,405nm,-0.40,1.10,3.14,1
1,405nm,-0.40,1.20,3.18,1
1,405nm,-0.40,1.30,3.19,1
1,405nm,-0.40,1.40,3.21,1
1,405nm,-0.40,1.50,3.21,1
1,405nm,-0.40,1.60,3.22,1
1,405nm,-0.40,1.70,3.23,1
1,405nm,-0.40,1.80,3.23,1
1,405nm,-0.40,1.90,3.22,1
1,405nm,-0.40,2.00,3.21,1
1,405nm,-0.40,2.10,3.20,1
1,405nm,-0.40,2.20,3.19,1
1,405nm,-0.40,2.30,3.21,1
1,405nm,-0.40,2.40,3.22,1
1,405nm,-0.30,-2.50,3.23,1
1,405nm,-0.30,-2.40,2.88,1
1,405nm,-0.30,-2.30,2.71,1
1,405nm,-0.30,-2.20,2.58,1
1,405nm,-0.30,-2.10,2.67,1
1,405nm,-0.30,-2.00,2.70,1
1,405nm,-0.30,-1.90,2.68,1
1,405nm,-0.30,-1.80,2.63,1
1,405nm,-0.30,-1.70,2.58,1
1,405nm,-0.30,-1.60,2.54,1
1,405nm,-0.30,-1.50,2.44,1
1,405nm,-0.30,-1.40,2.39,0
1,405nm,-0.30,-1.30,2.33,0
1,405nm,-0.30,-1.20,2.24,0
1,405nm,-0.30,-1.10,2.12,0
1,405nm,-0.30,-1.00,1.99,0
1,405nm,-0.30,-0.90,1.91,0
1,405nm,-0.30,-0.80,1.79,0
1,405nm,-0.30,-0.70,1.72,0
1,405nm,-0.30,-0.60,1.77,0
1,405nm,-0.30,-0.50,1.93,0
1,405nm,-0.30,-0.40,1.60,0
1,405nm,-0.30,-0.30,1.63,0
1,405nm,-0.30,-0.20,1.70,0
1,405nm,-0.30,-0.10,1.81,0
1,405nm,-0.30,-0.00,1.99,0
1,405nm,-0.30,0.10,2.12,0
1,405nm,-0.30,0.20,2.25,0
1,405nm,-0.30,0.30,2.39,0
1,405nm,-0.30,0.40,2.52,1
1,405nm,-0.30,0.50,2.64,1
1,405nm,-0.30,0.60,2.76,1
1,405nm,-0.30,0.70,2.87,1
1,405nm,-0.30,0.80,2.97,1
1,405nm,-0.30,0.90,3.03,1
1,405nm,-0.30,1.00,3.10,1
1,405nm,-0.30,1.10,3.14,1
1,405nm,-0.30,1.20,3.17,1
1,405nm,-0.30,1.30,3.19,1
1,405nm,-0.30,1.40,3.20,1
1,405nm,-0.30,1.50,3.21,1
1,405nm,-0.30,1.60,3.22,1
1,405nm,-0.30,1.70,3.23,1
1,405nm,-0.30,1.80,3.23,1
1,405nm,-0.30,1.90,3.23,1
1,405nm,-0.30,2.00,3.22,1
1,405nm,-0.30,2.10,3.21,1
1,405nm,-0.30,2.20,3.20,1
1,405nm,-0.30,2.30,3.21,1
1,405nm,-0.30,2.40,3.22,1
1,405nm,-0.20,-2.50,3.23,1
1,405nm,-0.20,-2.40,2.85,1
1,405nm,-0.20,-2.30,2.68,1
1,405nm,-0.20,-2.20,2.56,1
1,405nm,-0.20,-2.10,2.67,1
1,405nm,-0.20,-2.00,2.69,1
1,405nm,-0.20,-1.90,2.66,1
1,405nm,-0.20,-1.80,2.61,1
1,405nm,-0.20,-1.70,2.58,1
1,405nm,-0.20,-1.60,2.49,1
1,405nm,-0.20,-1.50,2.42,0
1,405nm,-0.20,-1.40,2.33,0
1,405nm,-0.20,-1.30,2.24,0
1,405nm,-0.20,-1.20,2.17,0
1,405nm,-0.20,-1.10,2.02,0
1,405nm,-0.20,-1.00,1.92,0
1,405nm,-0.20,-0.90,1.77,0
1,405nm,-0.20,-0.80,1.63,0
1,405nm,-0.20,-0.70,1.60,0
1,405nm,-0.20,-0.60,1.63,0
1,405nm,-0.20,-0.50,1.51,0
1,405nm,-0.20,-0.40,1.44,0
1,405nm,-0.20,-0.30,1.44,0
1,405nm,-0.20,-0.20,1.53,0
1,405nm,-0.20,-0.10,1.66,0
1,405nm,-0.20,-0.00,1.77,0
1,405nm,-0.20,0.10,1.81,0
1,405nm,-0.20,0.20,2.02,0
1,405nm,-0.20,0.30,2.23,0
1,405nm,-0.20,0.40,2.42,0
1,405nm,-0.20,0.50,2.57,1
1,405nm,-0.20,0.60,2.70,1
1,405nm,-0.20,0.70,2.81,1
1,405nm,-0.20,0.80,2.92,1
1,405nm,-0.20,0.90,3.01,1
1,405nm,-0.20,1.00,3.07,1
1,405nm,-0.20,1.10,3.13,1
1,405nm,-0.20,1.20,3.17,1
1,405nm,-0.20,1.30,3.18,1
1,405nm,-0.20,1.40,3.20,1
1,405nm,-0.20,1.50,3.21,1
1,405nm,-0.20,1.60,3.22,1
1,405nm,-0.20,1.70,3.23,1
1,405nm,-0.20,1.80,3.23,1
1,405nm,-0.20,1.90,3.23,1
1,405nm,-0.20,2.00,3.22,1
1,405nm,-0.20,2.10,3.21,1
1,405nm,-0.20,2.20,3.21,1
1,405nm,-0.20,2.30,3.21,1
1,405nm,-0.20,2.40,3.22,1
1,405nm,-0.10,-2.50,3.23,1
1,405nm,-0.10,-2.40,2.83,1
1,405nm,-0.10,-2.30,2.67,1
1,405nm,-0.10,-2.20,2.55,1
1,405nm,-0.10,-2.10,2.68,1
1,405nm,-0.10,-2.00,2.70,1
1,405nm,-0.10,-1.90,2.65,1
1,405nm,-0.10,-1.80,2.60,1
1,405nm,-0.10,-1.70,2.58,1
1,405nm,-0.10,-1.60,2.53,1
1,405nm,-0.10,-1.50,2.40,0
1,405nm,-0.10,-1.40,2.32,0
1,405nm,-0.10,-1.30,2.23,0
1,405nm,-0.10,-1.20,2.10,0
1,405nm,-0.10,-1.10,1.95,0
1,405nm,-0.10,-1.00,1.79,0
1,405nm,-0.10,-0.90,1.67,0
1,405nm,-0.10,-0.80,1.55,0
1,405nm,-0.10,-0.70,1.45,0
1,405nm,-0.10,-0.60,1.33,0
1,405nm,-0.10,-0.50,1.18,0
1,405nm,-0.10,-0.40,1.30,0
1,405nm,-0.10,-0.30,1.20,0
1,405nm,-0.10,-0.20,1.28,0
1,405nm,-0.10,-0.10,1.44,0
1,405nm,-0.10,-0.00,1.46,0
1,405nm,-0.10,0.10,1.58,0
1,405nm,-0.10,0.20,1.91,0
1,405nm,-0.10,0.30,2.10,0
1,405nm,-0.10,0.40,2.32,0
1,405nm,-0.10,0.50,2.44,1
1,405nm,-0.10,0.60,2.63,1
1,405nm,-0.10,0.70,2.79,1
1,405nm,-0.10,0.80,2.90,1
1,405nm,-0.10,0.90,2.99,1
1,405nm,-0.10,1.00,3.06,1
1,405nm,-0.10,1.10,3.12,1
1,405nm,-0.10,1.20,3.16,1
1,405nm,-0.10,1.30,3.18,1
1,405nm,-0.10,1.40,3.20,1
1,405nm,-0.10,1.50,3.21,1
1,405nm,-0.10,1.60,3.22,1
1,405nm,-0.10,1.70,3.22,1
1,405nm,-0.10,1.80,3.23,1
1,405nm,-0.10,1.90,3.23,1
1,405nm,-0.10,2.00,3.22,1
1,405nm,-0.10,2.10,3.21,1
1,405nm,-0.10,2.20,3.20,1
1,405nm,-0.10,2.30,3.20,1
1,405nm,-0.10,2.40,3.22,1
1,405nm,-0.00,-2.50,3.23,1
1,405nm,-0.00,-2.40,2.83,1
1,405nm,-0.00,-2.30,2.68,1
1,405nm,-0.00,-2.20,2.56,1
1,405nm,-0.00,-2.10,2.68,1
1,405nm,-0.00,-2.00,2.70,1
1,405nm,-0.00,-1.90,2.65,1
1,405nm,-0.00,-1.80,2.62,1
1,405nm,-0.00,-1.70,2.59,1
1,405nm,-0.00,-1.60,2.54,1
1,405nm,-0.00,-1.50,2.42,0
1,405nm,-0.00,-1.40,2.32,0
1,405nm,-0.00,-1.30,2.23,0
1,405nm,-0.00,-1.20,2.13,0
1,405nm,-0.00,-1.10,1.93,0
1,405nm,-0.00,-1.00,1.78,0
1,405nm,-0.00,-0.90,1.59,0
1,405nm,-0.00,-0.80,1.44,0
1,405nm,-0.00,-0.70,1.33,0
1,405nm,-0.00,-0.60,1.23,0
1,405nm,-0.00,-0.50,1.16,0
1,405nm,-0.00,-0.40,1.19,0
1,405nm,-0.00,-0.30,1.13,0
1,405nm,-0.00,-0.20,1.20,0
1,405nm,-0.00,-0.10,1.26,0
1,405nm,-0.00,-0.00,1.34,0
1,405nm,-0.00,0.10,1.48,0
1,405nm,-0.00,0.20,1.71,0
1,405nm,-0.00,0.30,2.01,0
1,405nm,-0.00,0.40,2.26,0
1,405nm,-0.00,0.50,2.39,0
1,405nm,-0.00,0.60,2.58,1
1,405nm,-0.00,0.70,2.72,1
1,405nm,-0.00,0.80,2.86,1
1,405nm,-0.00,0.90,2.97,1
1,405nm,-0.00,1.00,3.05,1
1,405nm,-0.00,1.10,3.11,1
1,405nm,-0.00,1.20,3.16,1
1,405nm,-0.00,1.30,3.18,1
1,405nm,-0.00,1.40,3.19,1
1,405nm,-0.00,1.50,3.20,1
1,405nm,-0.00,1.60,3.21,1
1,405nm,-0.00,1.70,3.22,1
1,405nm,-0.00,1.80,3.23,1
1,405nm,-0.00,1.90,3.23,1
1,405nm,-0.00,2.00,3.22,1
1,405nm,-0.00,2.10,3.21,1
1,405nm,-0.00,2.20,3.20,1
1,405nm,-0.00,2.30,3.20,1
1,405nm,-0.00,2.40,3.22,1
1,405nm,0.10,-2.50,3.23,1
1,405nm,0.10,-2.40,2.83,1
1,405nm,0.10,-2.30,2.68,1
1,405nm,0.10,-2.20,2.57,1
1,405nm,0.10,-2.10,2.68,1
1,405nm,0.10,-2.00,2.70,1
1,405nm,0.10,-1.90,2.67,1
1,405nm,0.10,-1.80,2.63,1
1,405nm,0.10,-1.70,2.59,1
1,405nm,0.10,-1.60,2.55,1
1,405nm,0.10,-1.50,2.45,1
1,405nm,0.10,-1.40,2.38,0
1,405nm,0.10,-1.30,2.25,0
1,405nm,0.10,-1.20,2.14,0
1,405nm,0.10,-1.10,1.96,0
1,405nm,0.10,-1.00,1.81,0
1,405nm,0.10,-0.90,1.60,0
1,405nm,0.10,-0.80,1.44,0
1,405nm,0.10,-0.70,1.26,0
1,405nm,0.10,-0.60,1.19,0
1,405nm,0.10,-0.50,1.14,0
1,405nm,0.10,-0.40,1.09,0
1,405nm,0.10,-0.30,1.13,0
1,405nm,0.10,-0.20,1.09,0
1,405nm,0.10,-0.10,1.10,0
1,405nm,0.10,-0.00,1.27,0
1,405nm,0.10,0.10,1.43,0
1,405nm,0.10,0.20,1.66,0
1,405nm,0.10,0.30,1.98,0
1,405nm,0.10,0.40,2.16,0
1,405nm,0.10,0.50,2.36,0
1,405nm,0.10,0.60,2.53,1
1,405nm,0.10,0.70,2.68,1
1,405nm,0.10,0.80,2.84,1
1,405nm,0.10,0.90,2.95,1
1,405nm,0.10,1.00,3.04,1
1,405nm,0.10,1.10,3.11,1
1,405nm,0.10,1.20,3.15,1
1,405nm,0.10,1.30,3.18,1
1,405nm,0.10,1.40,3.19,1
1,405nm,0.10,1.50,3.20,1
1,405nm,0.10,1.60,3.21,1
1,405nm,0.10,1.70,3.22,1
1,405nm,0.10,1.80,3.22,1
1,405nm,0.10,1.90,3.23,1
1,405nm,0.10,2.00,3.22,1
1,405nm,0.10,2.10,3.21,1
1,405nm,0.10,2.20,3.20,1
1,405nm,0.10,2.30,3.20,1
1,405nm,0.10,2.40,3.21,1
1,405nm,0.20,-2.50,3.23,1
1,405nm,0.20,-2.40,2.86,1
1,405nm,0.20,-2.30,2.70,1
1,405nm,0.20,-2.20,2.59,1
1,405nm,0.20,-2.10,2.70,1
1,405nm,0.20,-2.00,2.71,1
1,405nm,0.20,-1.90,2.67,1
1,405nm,0.20,-1.80,2.65,1
1,405nm,0.20,-1.70,2.60,1
1,405nm,0.20,-1.60,2.56,1
1,405nm,0.20,-1.50,2.51,1
1,405nm,0.20,-1.40,2.41,0
1,405nm,0.20,-1.30,2.29,0
1,405nm,0.20,-1.20,2.16,0
1,405nm,0.20,-1.10,2.00,0
1,405nm,0.20,-1.00,1.87,0
1,405nm,0.20,-0.90,1.64,0
1,405nm,0.20,-0.80,1.44,0
1,405nm,0.20,-0.70,1.35,0
1,405nm,0.20,-0.60,1.28,0
1,405nm,0.20,-0.50,1.24,0
1,405nm,0.20,-0.40,1.19,0
1,405nm,0.20,-0.30,1.07,0
1,405nm,0.20,-0.20,1.03,0
1,405nm,0.20,-0.10,1.06,0
1,405nm,0.20,-0.00,1.14,0
1,405nm,0.20,0.10,1.25,0
1,405nm,0.20,0.20,1.71,0
1,405nm,0.20,0.30,1.93,0
1,405nm,0.20,0.40,2.18,0
1,405nm,0.20,0.50,2.34,0
1,405nm,0.20,0.60,2.52,1
1,405nm,0.20,0.70,2.67,1
1,405nm,0.20,0.80,2.82,1
1,405nm,0.20,0.90,2.95,1
1,405nm,0.20,1.00,3.04,1
1,405nm,0.20,1.10,3.11,1
1,405nm,0.20,1.20,3.15,1
1,405nm,0.20,1.30,3.18,1
1,405nm,0.20,1.40,3.19,1
1,405nm,0.20,1.50,3.20,1
1,405nm,0.20,1.60,3.21,1
1,405nm,0.20,1.70,3.22,1
1,405nm,0.20,1.80,3.22,1
1,405nm,0.20,1.90,3.23,1
1,405nm,0.20,2.00,3.22,1
1,405nm,0.20,2.10,3.20,1
1,405nm,0.20,2.20,3.20,1
1,405nm,0.20,2.30,3.20,1
1,405nm,0.20,2.40,3.22,1
1,405nm,0.30,-2.50,3.23,1
1,405nm,0.30,-2.40,2.88,1
1,405nm,0.30,-2.30,2.73,1
1,405nm,0.30,-2.20,2.59,1
1,405nm,0.30,-2.10,2.69,1
1,405nm,0.30,-2.00,2.72,1
1,405nm,0.30,-1.90,2.68,1
1,405nm,0.30,-1.80,2.66,1
1,405nm,0.30,-1.70,2.62,1
1,405nm,0.30,-1.60,2.60,1
1,405nm,0.30,-1.50,2.54,1
1,405nm,0.30,-1.40,2.47,1
1,405nm,0.30,-1.30,2.34,0
1,405nm,0.30,-1.20,2.22,0
1,405nm,0.30,-1.10,2.07,0
1,405nm,0.30,-1.00,1.91,0
1,405nm,0.30,-0.90,1.71,0
1,405nm,0.30,-0.80,1.55,0
1,405nm,0.30,-0.70,1.42,0
1,405nm,0.30,-0.60,1.38,0
1,405nm,0.30,-0.50,1.23,0
1,405nm,0.30,-0.40,1.12,0
1,405nm,0.30,-0.30,1.03,0
1,405nm,0.30,-0.20,1.00,0
1,405nm,0.30,-0.10,1.05,0
1,405nm,0.30,-0.00,1.03,0
1,405nm,0.30,0.10,1.32,0
1,405nm,0.30,0.20,1.63,0
1,405nm,0.30,0.30,2.00,0
1,405nm,0.30,0.40,2.20,0
1,405nm,0.30,0.50,2.34,0
1,405nm,0.30,0.60,2.52,1
1,405nm,0.30,0.70,2.68,1
1,405nm,0.30,0.80,2.84,1
1,405nm,0.30,0.90,2.96,1
1,405nm,0.30,1.00,3.05,1
1,405nm,0.30,1.10,3.12,1
1,405nm,0.30,1.20,3.15,1
1,405nm,0.30,1.30,3.18,1
1,405nm,0.30,1.40,3.19,1
1,405nm,0.30,1.50,3.20,1
1,405nm,0.30,1.60,3.21,1
1,405nm,0.30,1.70,3.22,1
1,405nm,0.30,1.80,3.22,1
1,405nm,0.30,1.90,3.22,1
1,405nm,0.30,2.00,3.22,1
1,405nm,0.30,2.10,3.21,1
1,405nm,0.30,2.20,3.20,1
1,405nm,0.30,2.30,3.20,1
1,405nm,0.30,2.40,3.22,1
1,405nm,0.40,-2.50,3.23,1
1,405nm,0.40,-2.40,2.90,1
1,405nm,0.40,-2.30,2.75,1
1,405nm,0.40,-2.20,2.61,1
1,405nm,0.40,-2.10,2.67,1
1,405nm,0.40,-2.00,2.75,1
1,405nm,0.40,-1.90,2.71,1
1,405nm,0.40,-1.80,2.68,1
1,405nm,0.40,-1.70,2.66,1
1,405nm,0.40,-1.60,2.64,1
1,405nm,0.40,-1.50,2.59,1
1,405nm,0.40,-1.40,2.52,1
1,405nm,0.40,-1.30,2.42,0
1,405nm,0.40,-1.20,2.30,0
1,405nm,0.40,-1.10,2.16,0
1,405nm,0.40,-1.00,2.02,0
1,405nm,0.40,-0.90,1.86,0
1,405nm,0.40,-0.80,1.72,0
1,405nm,0.40,-0.70,1.57,0
1,405nm,0.40,-0.60,1.43,0
1,405nm,0.40,-0.50,1.31,0
1,405nm,0.40,-0.40,1.12,0
1,405nm,0.40,-0.30,1.02,0
1,405nm,0.40,-0.20,1.01,0
1,405nm,0.40,-0.10,1.02,0
1,405nm,0.40,-0.00,1.08,0
1,405nm,0.40,0.10,1.30,0
1,405nm,0.40,0.20,1.71,0
1,405nm,0.40,0.30,2.05,0
1,405nm,0.40,0.40,2.29,0
1,405nm,0.40,0.50,2.41,0
1,405nm,0.40,0.60,2.56,1
1,405nm,0.40,0.70,2.71,1
1,405nm,0.40,0.80,2.85,1
1,405nm,0.40,0.90,2.98,1
1,405nm,0.40,1.00,3.06,1
1,405nm,0.40,1.10,3.12,1
1,405nm,0.40,1.20,3.15,1
1,405nm,0.40,1.30,3.17,1
1,405nm,0.40,1.40,3.19,1
1,405nm,0.40,1.50,3.20,1
1,405nm,0.40,1.60,3.21,1
1,405nm,0.40,1.70,3.21,1
1,405nm,0.40,1.80,3.22,1
1,405nm,0.40,1.90,3.22,1
1,405nm,0.40,2.00,3.22,1
1,405nm,0.40,2.10,3.21,1
1,405nm,0.40,2.20,3.20,1
1,405nm,0.40,2.30,3.21,1
1,405nm,0.40,2.40,3.22,1
1,405nm,0.50,-2.50,3.23,1
1,405nm,0.50,-2.40,2.94,1
1,405nm,0.50,-2.30,2.80,1
1,405nm,0.50,-2.20,2.65,1
1,405nm,0.50,-2.10,2.61,1
1,405nm,0.50,-2.00,2.73,1
1,405nm,0.50,-1.90,2.74,1
1,405nm,0.50,-1.80,2.70,1
1,405nm,0.50,-1.70,2.68,1
1,405nm,0.50,-1.60,2.67,1
1,405nm,0.50,-1.50,2.63,1
1,405nm,0.50,-1.40,2.57,1
1,405nm,0.50,-1.30,2.50,1
1,405nm,0.50,-1.20,2.42,0
1,405nm,0.50,-1.10,2.35,0
1,405nm,0.50,-1.00,2.25,0
1,405nm,0.50,-0.90,2.12,0
1,405nm,0.50,-0.80,1.96,0
1,405nm,0.50,-0.70,1.81,0
1,405nm,0.50,-0.60,1.58,0
1,405nm,0.50,-0.50,1.44,0
1,405nm,0.50,-0.40,1.30,0
1,405nm,0.50,-0.30,1.19,0
1,405nm,0.50,-0.20,1.18,0
1,405nm,0.50,-0.10,1.26,0
1,405nm,0.50,-0.00,1.27,0
1,405nm,0.50,0.10,1.54,0
1,405nm,0.50,0.20,1.77,0
1,405nm,0.50,0.30,2.12,0
1,405nm,0.50,0.40,2.24,0
1,405nm,0.50,0.50,2.46,1
1,405nm,0.50,0.60,2.57,1
1,405nm,0.50,0.70,2.74,1
1,405nm,0.50,0.80,2.88,1
1,405nm,0.50,0.90,2.99,1
1,405nm,0.50,1.00,3.06,1
1,405nm,0.50,1.10,3.12,1
1,405nm,0.50,1.20,3.15,1
1,405nm,0.50,1.30,3.17,1
1,405nm,0.50,1.40,3.19,1
1,405nm,0.50,1.50,3.20,1
1,405nm,0.50,1.60,3.20,1
1,405nm,0.50,1.70,3.21,1
1,405nm,0.50,1.80,3.22,1
1,405nm,0.50,1.90,3.22,1
1,405nm,0.50,2.00,3.22,1
1,405nm,0.50,2.10,3.20,1
1,405nm,0.50,2.20,3.21,1
1,405nm,0.50,2.30,3.21,1
1,405nm,0.50,2.40,3.22,1
1,405nm,0.60,-2.50,3.23,1
1,405nm,0.60,-2.40,2.98,1
1,405nm,0.60,-2.30,2.86,1
1,405nm,0.60,-2.20,2.73,1
1,405nm,0.60,-2.10,2.64,1
1,405nm,0.60,-2.00,2.75,1
1,405nm,0.60,-1.90,2.77,1
1,405nm,0.60,-1.80,2.74,1
1,405nm,0.60,-1.70,2.72,1
1,405nm,0.60,-1.60,2.68,1
1,405nm,0.60,-1.50,2.67,1
1,405nm,0.60,-1.40,2.63,1
1,405nm,0.60,-1.30,2.62,1
1,405nm,0.60,-1.20,2.55,1
1,405nm,0.60,-1.10,2.48,1
1,405nm,0.60,-1.00,2.41,0
1,405nm,0.60,-0.90,2.32,0
1,405nm,0.60,-0.80,2.21,0
1,405nm,0.60,-0.70,2.06,0
1,405nm,0.60,-0.60,1.83,0
1,405nm,0.60,-0.50,1.65,0
1,405nm,0.60,-0.40,1.52,0
1,405nm,0.60,-0.30,1.46,0
1,405nm,0.60,-0.20,1.48,0
1,405nm,0.60,-0.10,1.53,0
1,405nm,0.60,-0.00,1.64,0
1,405nm,0.60,0.10,1.76,0
1,405nm,0.60,0.20,2.00,0
1,405nm,0.60,0.30,2.23,0
1,405nm,0.60,0.40,2.37,0
1,405nm,0.60,0.50,2.54,1
1,405nm,0.60,0.60,2.66,1
1,405nm,0.60,0.70,2.79,1
1,405nm,0.60,0.80,2.91,1
1,405nm,0.60,0.90,3.01,1
1,405nm,0.60,1.00,3.08,1
1,405nm,0.60,1.10,3.12,1
1,405nm,0.60,1.20,3.15,1
1,405nm,0.60,1.30,3.18,1
1,405nm,0.60,1.40,3.19,1
1,405nm,0.60,1.50,3.20,1
1,405nm,0.60,1.60,3.20,1
1,405nm,0.60,1.70,3.22,1
1,405nm,0.60,1.80,3.22,1
1,405nm,0.60,1.90,3.22,1
1,405nm,0.60,2.00,3.21,1
1,405nm,0.60,2.10,3.20,1
1,405nm,0.60,2.20,3.20,1
1,405nm,0.60,2.30,3.21,1
1,405nm,0.60,2.40,3.23,1
1,405nm,0.70,-2.50,3.23,1
1,405nm,0.70,-2.40,3.03,1
1,405nm,0.70,-2.30,2.95,1
1,405nm,0.70,-2.20,2.82,1
1,405nm,0.70,-2.10,2.71,1
1,405nm,0.70,-2.00,2.74,1
1,405nm,0.70,-1.90,2.77,1
1,405nm,0.70,-1.80,2.78,1
1,405nm,0.70,-1.70,2.76,1
1,405nm,0.70,-1.60,2.73,1
1,405nm,0.70,-1.50,2.71,1
1,405nm,0.70,-1.40,2.70,1
1,405nm,0.70,-1.30,2.68,1
1,405nm,0.70,-1.20,2.64,1
1,405nm,0.70,-1.10,2.57,1
1,405nm,0.70,-1.00,2.53,1
1,405nm,0.70,-0.90,2.45,1
1,405nm,0.70,-0.80,2.32,0
1,405nm,0.70,-0.70,2.20,0
1,405nm,0.70,-0.60,2.06,0
1,405nm,0.70,-0.50,1.94,0
1,405nm,0.70,-0.40,1.82,0
1,405nm,0.70,-0.30,1.81,0
1,405nm,0.70,-0.20,1.84,0
1,405nm,0.70,-0.10,1.89,0
1,405nm,0.70,-0.00,1.93,0
1,405nm,0.70,0.10,2.06,0
1,405nm,0.70,0.20,2.19,0
1,405nm,0.70,0.30,2.34,0
1,405nm,0.70,0.40,2.48,1
1,405nm,0.70,0.50,2.60,1
1,405nm,0.70,0.60,2.73,1
1,405nm,0.70,0.70,2.85,1
1,405nm,0.70,0.80,2.96,1
1,405nm,0.70,0.90,3.04,1
1,405nm,0.70,1.00,3.09,1
1,405nm,0.70,1.10,3.13,1
1,405nm,0.70,1.20,3.16,1
1,405nm,0.70,1.30,3.18,1
1,405nm,0.70,1.40,3.19,1
1,405nm,0.70,1.50,3.20,1
1,405nm,0.70,1.60,3.21,1
1,405nm,0.70,1.70,3.22,1
1,405nm,0.70,1.80,3.22,1
1,405nm,0.70,1.90,3.22,1
1,405nm,0.70,2.00,3.21,1
1,405nm,0.70,2.10,3.20,1
1,405nm,0.70,2.20,3.20,1
1,405nm,0.70,2.30,3.22,1
1,405nm,0.70,2.40,3.23,1
1,405nm,0.80,-2.50,3.23,1
1,405nm,0.80,-2.40,3.06,1
1,405nm,0.80,-2.30,3.00,1
1,405nm,0.80,-2.20,2.88,1
1,405nm,0.80,-2.10,2.76,1
1,405nm,0.80,-2.00,2.67,1
1,405nm,0.80,-1.90,2.77,1
1,405nm,0.80,-1.80,2.80,1
1,405nm,0.80,-1.70,2.77,1
1,405nm,0.80,-1.60,2.76,1
1,405nm,0.80,-1.50,2.76,1
1,405nm,0.80,-1.40,2.74,1
1,405nm,0.80,-1.30,2.70,1
1,405nm,0.80,-1.20,2.69,1
1,405nm,0.80,-1.10,2.65,1
1,405nm,0.80,-1.00,2.60,1
1,405nm,0.80,-0.90,2.54,1
1,405nm,0.80,-0.80,2.46,1
1,405nm,0.80,-0.70,2.36,0
1,405nm,0.80,-0.60,2.27,0
1,405nm,0.80,-0.50,2.21,0
1,405nm,0.80,-0.40,2.22,0
1,405nm,0.80,-0.30,2.20,0
1,405nm,0.80,-0.20,2.21,0
1,405nm,0.80,-0.10,2.14,0
1,405nm,0.80,-0.00,2.16,0
1,405nm,0.80,0.10,2.22,0
1,405nm,0.80,0.20,2.34,0
1,405nm,0.80,0.30,2.45,1
1,405nm,0.80,0.40,2.59,1
1,405nm,0.80,0.50,2.70,1
1,405nm,0.80,0.60,2.81,1
1,405nm,0.80,0.70,2.92,1
1,405nm,0.80,0.80,3.01,1
1,405nm,0.80,0.90,3.07,1
1,405nm,0.80,1.00,3.11,1
1,405nm,0.80,1.10,3.14,1
1,405nm,0.80,1.20,3.16,1
1,405nm,0.80,1.30,3.18,1
1,405nm,0.80,1.40,3.20,1
1,405nm,0.80,1.50,3.20,1
1,405nm,0.80,1.60,3.21,1
1,405nm,0.80,1.70,3.22,1
1,405nm,0.80,1.80,3.22,1
1,405nm,0.80,1.90,3.21,1
1,405nm,0.80,2.00,3.20,1
1,405nm,0.80,2.10,3.19,1
1,405nm,0.80,2.20,3.20,1
1,405nm,0.80,2.30,3.22,1
1,405nm,0.80,2.40,3.23,1
1,405nm,0.90,-2.50,3.23,1
1,405nm,0.90,-2.40,3.09,1
1,405nm,0.90,-2.30,3.03,1
1,405nm,0.90,-2.20,2.93,1
1,405nm,0.90,-2.10,2.83,1
1,405nm,0.90,-2.00,2.71,1
1,405nm,0.90,-1.90,2.76,1
1,405nm,0.90,-1.80,2.81,1
1,405nm,0.90,-1.70,2.80,1
1,405nm,0.90,-1.60,2.77,1
1,405nm,0.90,-1.50,2.76,1
1,405nm,0.90,-1.40,2.79,1
1,405nm,0.90,-1.30,2.75,1
1,405nm,0.90,-1.20,2.72,1
1,405nm,0.90,-1.10,2.71,1
1,405nm,0.90,-1.00,2.67,1
1,405nm,0.90,-0.90,2.62,1
1,405nm,0.90,-0.80,2.58,1
1,405nm,0.90,-0.70,2.51,1
1,405nm,0.90,-0.60,2.46,1
1,405nm,0.90,-0.50,2.43,0
1,405nm,0.90,-0.40,2.40,0
1,405nm,0.90,-0.30,2.37,0
1,405nm,0.90,-0.20,2.34,0
1,405nm,0.90,-0.10,2.29,0
1,405nm,0.90,-0.00,2.34,0
1,405nm,0.90,0.10,2.40,0
1,405nm,0.90,0.20,2.49,1
1,405nm,0.90,0.30,2.60,1
1,405nm,0.90,0.40,2.70,1
1,405nm,0.90,0.50,2.80,1
1,405nm,0.90,0.60,2.89,1
1,405nm,0.90,0.70,2.98,1
1,405nm,0.90,0.80,3.04,1
1,405nm,0.90,0.90,3.09,1
1,405nm,0.90,1.00,3.12,1
1,405nm,0.90,1.10,3.14,1
1,405nm,0.90,1.20,3.17,1
1,405nm,0.90,1.30,3.19,1
1,405nm,0.90,1.40,3.20,1
1,405nm,0.90,1.50,3.21,1
1,405nm,0.90,1.60,3.22,1
1,405nm,0.90,1.70,3.22,1
1,405nm,0.90,1.80,3.22,1
1,405nm,0.90,1.90,3.21,1
1,405nm,0.90,2.00,3.20,1
1,405nm,0.90,2.10,3.20,1
1,405nm,0.90,2.20,3.21,1
1,405nm,0.90,2.30,3.22,1
1,405nm,0.90,2.40,3.23,1
1,405nm,1.00,-2.50,3.23,1
1,405nm,1.00,-2.40,3.13,1
1,405nm,1.00,-2.30,3.06,1
1,405nm,1.00,-2.20,2.97,1
1,405nm,1.00,-2.10,2.88,1
1,405nm,1.00,-2.00,2.77,1
1,405nm,1.00,-1.90,2.69,1
1,405nm,1.00,-1.80,2.81,1
1,405nm,1.00,-1.70,2.81,1
1,405nm,1.00,-1.60,2.80,1
1,405nm,1.00,-1.50,2.76,1
1,405nm,1.00,-1.40,2.77,1
1,405nm,1.00,-1.30,2.77,1
1,405nm,1.00,-1.20,2.74,1
1,405nm,1.00,-1.10,2.73,1
1,405nm,1.00,-1.00,2.72,1
1,405nm,1.00,-0.90,2.70,1
1,405nm,1.00,-0.80,2.65,1
1,405nm,1.00,-0.70,2.61,1
1,405nm,1.00,-0.60,2.56,1
1,405nm,1.00,-0.50,2.53,1
1,405nm,1.00,-0.40,2.49,1
1,405nm,1.00,-0.30,2.46,1
1,405nm,1.00,-0.20,2.45,0
1,405nm,1.00,-0.10,2.47,1
1,405nm,1.00,-0.00,2.51,1
1,405nm,1.00,0.10,2.55,1
1,405nm,1.00,0.20,2.62,1
1,405nm,1.00,0.30,2.71,1
1,405nm,1.00,0.40,2.79,1
1,405nm,1.00,0.50,2.87,1
1,405nm,1.00,0.60,2.94,1
1,405nm,1.00,0.70,3.02,1
1,405nm,1.00,0.80,3.07,1
1,405nm,1.00,0.90,3.11,1
1,405nm,1.00,1.00,3.13,1
1,405nm,1.00,1.10,3.15,1
1,405nm,1.00,1.20,3.18,1
1,405nm,1.00,1.30,3.20,1
1,405nm,1.00,1.40,3.20,1
1,405nm,1.00,1.50,3.21,1
1,405nm,1.00,1.60,3.22,1
1,405nm,1.00,1.70,3.23,1
1,405nm,1.00,1.80,3.22,1
1,405nm,1.00,1.90,3.21,1
1,405nm,1.00,2.00,3.20,1
1,405nm,1.00,2.10,3.20,1
1,405nm,1.00,2.20,3.22,1
1,405nm,1.00,2.30,3.22,1
1,405nm,1.00,2.40,3.23,1
1,405nm,1.10,-2.50,3.23,1
1,405nm,1.10,-2.40,3.16,1
1,405nm,1.10,-2.30,3.08,1
1,405nm,1.10,-2.20,3.02,1
1,405nm,1.10,-2.10,2.94,1
1,405nm,1.10,-2.00,2.85,1
1,405nm,1.10,-1.90,2.69,1
1,405nm,1.10,-1.80,2.78,1
1,405nm,1.10,-1.70,2.84,1
1,405nm,1.10,-1.60,2.82,1
1,405nm,1.10,-1.50,2.79,1
1,405nm,1.10,-1.40,2.76,1
1,405nm,1.10,-1.30,2.74,1
1,405nm,1.10,-1.20,2.75,1
1,405nm,1.10,-1.10,2.74,1
1,405nm,1.10,-1.00,2.73,1
1,405nm,1.10,-0.90,2.73,1
1,405nm,1.10,-0.80,2.70,1
1,405nm,1.10,-0.70,2.66,1
1,405nm,1.10,-0.60,2.62,1
1,405nm,1.10,-0.50,2.60,1
1,405nm,1.10,-0.40,2.59,1
1,405nm,1.10,-0.30,2.59,1
1,405nm,1.10,-0.20,2.60,1
1,405nm,1.10,-0.10,2.61,1
1,405nm,1.10,-0.00,2.62,1
1,405nm,1.10,0.10,2.70,1
1,405nm,1.10,0.20,2.75,1
1,405nm,1.10,0.30,2.81,1
1,405nm,1.10,0.40,2.89,1
1,405nm,1.10,0.50,2.95,1
1,405nm,1.10,0.60,3.01,1
1,405nm,1.10,0.70,3.07,1
1,405nm,1.10,0.80,3.10,1
1,405nm,1.10,0.90,3.13,1
1,405nm,1.10,1.00,3.14,1
1,405nm,1.10,1.10,3.17,1
1,405nm,1.10,1.20,3.19,1
1,405nm,1.10,1.30,3.20,1
1,405nm,1.10,1.40,3.21,1
1,405nm,1.10,1.50,3.22,1
1,405nm,1.10,1.60,3.23,1
1,405nm,1.10,1.70,3.22,1
1,405nm,1.10,1.80,3.21,1
1,405nm,1.10,1.90,3.20,1
1,405nm,1.10,2.00,3.20,1
1,405nm,1.10,2.10,3.21,1
1,405nm,1.10,2.20,3.22,1
1,405nm,1.10,2.30,3.23,1
1,405nm,1.10,2.40,3.23,1
1,405nm,1.20,-2.50,3.23,1
1,405nm,1.20,-2.40,3.18,1
1,405nm,1.20,-2.30,3.13,1
1,405nm,1.20,-2.20,3.07,1
1,405nm,1.20,-2.10,3.00,1
1,405nm,1.20,-2.00,2.92,1
1,405nm,1.20,-1.90,2.81,1
1,405nm,1.20,-1.80,2.66,1
1,405nm,1.20,-1.70,2.81,1
1,405nm,1.20,-1.60,2.81,1
1,405nm,1.20,-1.50,2.82,1
1,405nm,1.20,-1.40,2.80,1
1,405nm,1.20,-1.30,2.77,1
1,405nm,1.20,-1.20,2.75,1
1,405nm,1.20,-1.10,2.74,1
1,405nm,1.20,-1.00,2.76,1
1,405nm,1.20,-0.90,2.75,1
1,405nm,1.20,-0.80,2.73,1
1,405nm,1.20,-0.70,2.73,1
1,405nm,1.20,-0.60,2.69,1
1,405nm,1.20,-0.50,2.68,1
1,405nm,1.20,-0.40,2.70,1
1,405nm,1.20,-0.30,2.68,1
1,405nm,1.20,-0.20,2.69,1
1,405nm,1.20,-0.10,2.72,1
1,405nm,1.20,-0.00,2.77,1
1,405nm,1.20,0.10,2.81,1
1,405nm,1.20,0.20,2.85,1
1,405nm,1.20,0.30,2.91,1
1,405nm,1.20,0.40,2.96,1
1,405nm,1.20,0.50,3.02,1
1,405nm,1.20,0.60,3.06,1
1,405nm,1.20,0.70,3.10,1
1,405nm,1.20,0.80,3.12,1
1,405nm,1.20,0.90,3.15,1
1,405nm,1.20,1.00,3.16,1
1,405nm,1.20,1.10,3.18,1
1,405nm,1.20,1.20,3.19,1
1,405nm,1.20,1.30,3.20,1
1,405nm,1.20,1.40,3.22,1
1,405nm,1.20,1.50,3.22,1
1,405nm,1.20,1.60,3.22,1
1,405nm,1.20,1.70,3.22,1
1,405nm,1.20,1.80,3.21,1
1,405nm,1.20,1.90,3.20,1
1,405nm,1.20,2.00,3.20,1
1,405nm,1.20,2.10,3.21,1
1,405nm,1.20,2.20,3.22,1
1,405nm,1.20,2.30,3.23,1
1,405nm,1.20,2.40,3.23,1
1,405nm,1.30,-2.50,3.23,1
1,405nm,1.30,-2.40,3.20,1
1,405nm,1.30,-2.30,3.16,1
1,405nm,1.30,-2.20,3.11,1
1,405nm,1.30,-2.10,3.07,1
1,405nm,1.30,-2.00,3.01,1
1,405nm,1.30,-1.90,2.92,1
1,405nm,1.30,-1.80,2.77,1
1,405nm,1.30,-1.70,2.76,1
1,405nm,1.30,-1.60,2.82,1
1,405nm,1.30,-1.50,2.82,1
1,405nm,1.30,-1.40,2.79,1
1,405nm,1.30,-1.30,2.76,1
1,405nm,1.30,-1.20,2.74,1
1,405nm,1.30,-1.10,2.73,1
1,405nm,1.30,-1.00,2.73,1
1,405nm,1.30,-0.90,2.76,1
1,405nm,1.30,-0.80,2.75,1
1,405nm,1.30,-0.70,2.75,1
1,405nm,1.30,-0.60,2.78,1
1,405nm,1.30,-0.50,2.78,1
1,405nm,1.30,-0.40,2.76,1
1,405nm,1.30,-0.30,2.77,1
1,405nm,1.30,-0.20,2.81,1
1,405nm,1.30,-0.10,2.86,1
1,405nm,1.30,-0.00,2.88,1
1,405nm,1.30,0.10,2.90,1
1,405nm,1.30,0.20,2.94,1
1,405nm,1.30,0.30,2.99,1
1,405nm,1.30,0.40,3.02,1
1,405nm,1.30,0.50,3.06,1
1,405nm,1.30,0.60,3.09,1
1,405nm,1.30,0.70,3.12,1
1,405nm,1.30,0.80,3.15,1
1,405nm,1.30,0.90,3.16,1
1,405nm,1.30,1.00,3.17,1
1,405nm,1.30,1.10,3.19,1
1,405nm,1.30,1.20,3.20,1
1,405nm,1.30,1.30,3.21,1
1,405nm,1.30,1.40,3.22,1
1,405nm,1.30,1.50,3.22,1
1,405nm,1.30,1.60,3.22,1
1,405nm,1.30,1.70,3.21,1
1,405nm,1.30,1.80,3.20,1
1,405nm,1.30,1.90,3.20,1
1,405nm,1.30,2.00,3.21,1
1,405nm,1.30,2.10,3.21,1
1,405nm,1.30,2.20,3.22,1
1,405nm,1.30,2.30,3.23,1
1,405nm,1.30,2.40,3.23,1
1,405nm,1.40,-2.50,3.23,1
1,405nm,1.40,-2.40,3.21,1
1,405nm,1.40,-2.30,3.19,1
1,405nm,1.40,-2.20,3.15,1
1,405nm,1.40,-2.10,3.12,1
1,405nm,1.40,-2.00,3.07,1
1,405nm,1.40,-1.90,3.00,1
1,405nm,1.40,-1.80,2.88,1
1,405nm,1.40,-1.70,2.69,1
1,405nm,1.40,-1.60,2.79,1
1,405nm,1.40,-1.50,2.79,1
1,405nm,1.40,-1.40,2.76,1
1,405nm,1.40,-1.30,2.71,1
1,405nm,1.40,-1.20,2.70,1
1,405nm,1.40,-1.10,2.69,1
1,405nm,1.40,-1.00,2.70,1
1,405nm,1.40,-0.90,2.73,1
1,405nm,1.40,-0.80,2.77,1
1,405nm,1.40,-0.70,2.81,1
1,405nm,1.40,-0.60,2.80,1
1,405nm,1.40,-0.50,2.82,1
1,405nm,1.40,-0.40,2.83,1
1,405nm,1.40,-0.30,2.86,1
1,405nm,1.40,-0.20,2.89,1
1,405nm,1.40,-0.10,2.92,1
1,405nm,1.40,-0.00,2.95,1
1,405nm,1.40,0.10,2.97,1
1,405nm,1.40,0.20,3.00,1
1,405nm,1.40,0.30,3.04,1
1,405nm,1.40,0.40,3.06,1
1,405nm,1.40,0.50,3.09,1
1,405nm,1.40,0.60,3.11,1
1,405nm,1.40,0.70,3.14,1
1,405nm,1.40,0.80,3.15,1
1,405nm,1.40,0.90,3.17,1
1,405nm,1.40,1.00,3.18,1
1,405nm,1.40,1.10,3.20,1
1,405nm,1.40,1.20,3.20,1
1,405nm,1.40,1.30,3.21,1
1,405nm,1.40,1.40,3.22,1
1,405nm,1.40,1.50,3.22,1
1,405nm,1.40,1.60,3.22,1
1,405nm,1.40,1.70,3.21,1
1,405nm,1.40,1.80,3.20,1
1,405nm,1.40,1.90,3.21,1
1,405nm,1.40,2.00,3.21,1
1,405nm,1.40,2.10,3.22,1
1,405nm,1.40,2.20,3.23,1
1,405nm,1.40,2.30,3.23,1
1,405nm,1.40,2.40,3.24,1
1,405nm,1.50,-2.50,3.23,1
1,405nm,1.50,-2.40,3.23,1
1,405nm,1.50,-2.30,3.21,1
1,405nm,1.50,-2.20,3.19,1
1,405nm,1.50,-2.10,3.15,1
1,405nm,1.50,-2.00,3.11,1
1,405nm,1.50,-1.90,3.05,1
1,405nm,1.50,-1.80,2.96,1
1,405nm,1.50,-1.70,2.84,1
1,405nm,1.50,-1.60,2.72,1
1,405nm,1.50,-1.50,2.73,1
1,405nm,1.50,-1.40,2.78,1
1,405nm,1.50,-1.30,2.75,1
1,405nm,1.50,-1.20,2.70,1
1,405nm,1.50,-1.10,2.70,1
1,405nm,1.50,-1.00,2.70,1
1,405nm,1.50,-0.90,2.75,1
1,405nm,1.50,-0.80,2.79,1
1,405nm,1.50,-0.70,2.84,1
1,405nm,1.50,-0.60,2.86,1
1,405nm,1.50,-0.50,2.88,1
1,405nm,1.50,-0.40,2.88,1
1,405nm,1.50,-0.30,2.92,1
1,405nm,1.50,-0.20,2.94,1
1,405nm,1.50,-0.10,2.97,1
1,405nm,1.50,-0.00,2.99,1
1,405nm,1.50,0.10,3.02,1
1,405nm,1.50,0.20,3.05,1
1,405nm,1.50,0.30,3.08,1
1,405nm,1.50,0.40,3.10,1
1,405nm,1.50,0.50,3.12,1
1,405nm,1.50,0.60,3.14,1
1,405nm,1.50,0.70,3.16,1
1,405nm,1.50,0.80,3.17,1
1,405nm,1.50,0.90,3.18,1
1,405nm,1.50,1.00,3.19,1
1,405nm,1.50,1.10,3.20,1
1,405nm,1.50,1.20,3.21,1
1,405nm,1.50,1.30,3.22,1
1,405nm,1.50,1.40,3.22,1
1,405nm,1.50,1.50,3.22,1
1,405nm,1.50,1.60,3.21,1
1,405nm,1.50,1.70,3.21,1
1,405nm,1.50,1.80,3.21,1
1,405nm,1.50,1.90,3.21,1
1,405nm,1.50,2.00,3.22,1
1,405nm,1.50,2.10,3.23,1
1,405nm,1.50,2.20,3.23,1
1,405nm,1.50,2.30,3.23,1
1,405nm,1.50,2.40,3.24,1
1,405nm,1.60,-2.50,3.23,1
1,405nm,1.60,-2.40,3.23,1
1,405nm,1.60,-2.30,3.23,1
1,405nm,1.60,-2.20,3.20,1
1,405nm,1.60,-2.10,3.18,1
1,405nm,1.60,-2.00,3.15,1
1,405nm,1.60,-1.90,3.10,1
1,405nm,1.60,-1.80,3.03,1
1,405nm,1.60,-1.70,2.95,1
1,405nm,1.60,-1.60,2.81,1
1,405nm,1.60,-1.50,2.72,1
1,405nm,1.60,-1.40,2.73,1
1,405nm,1.60,-1.30,2.78,1
1,405nm,1.60,-1.20,2.75,1
1,405nm,1.60,-1.10,2.75,1
1,405nm,1.60,-1.00,2.73,1
1,405nm,1.60,-0.90,2.74,1
1,405nm,1.60,-0.80,2.77,1
1,405nm,1.60,-0.70,2.76,1
1,405nm,1.60,-0.60,2.82,1
1,405nm,1.60,-0.50,2.88,1
1,405nm,1.60,-0.40,2.92,1
1,405nm,1.60,-0.30,2.97,1
1,405nm,1.60,-0.20,3.00,1
1,405nm,1.60,-0.10,3.03,1
1,405nm,1.60,-0.00,3.05,1
1,405nm,1.60,0.10,3.07,1
1,405nm,1.60,0.20,3.10,1
1,405nm,1.60,0.30,3.12,1
1,405nm,1.60,0.40,3.14,1
1,405nm,1.60,0.50,3.15,1
1,405nm,1.60,0.60,3.17,1
1,405nm,1.60,0.70,3.18,1
1,405nm,1.60,0.80,3.18,1
1,405nm,1.60,0.90,3.19,1
1,405nm,1.60,1.00,3.20,1
1,405nm,1.60,1.10,3.21,1
1,405nm,1.60,1.20,3.22,1
1,405nm,1.60,1.30,3.22,1
1,405nm,1.60,1.40,3.22,1
1,405nm,1.60,1.50,3.21,1
1,405nm,1.60,1.60,3.21,1
1,405nm,1.60,1.70,3.21,1
1,405nm,1.60,1.80,3.22,1
1,405nm,1.60,1.90,3.22,1
1,405nm,1.60,2.00,3.23,1
1,405nm,1.60,2.10,3.23,1
1,405nm,1.60,2.20,3.23,1
1,405nm,1.60,2.30,3.24,1
1,405nm,1.60,2.40,3.24,1
1,405nm,1.70,-2.50,3.23,1
1,405nm,1.70,-2.40,3.24,1
1,405nm,1.70,-2.30,3.23,1
1,405nm,1.70,-2.20,3.22,1
1,405nm,1.70,-2.10,3.20,1
1,405nm,1.70,-2.00,3.18,1
1,405nm,1.70,-1.90,3.15,1
1,405nm,1.70,-1.80,3.10,1
1,405nm,1.70,-1.70,3.02,1
1,405nm,1.70,-1.60,2.94,1
1,405nm,1.70,-1.50,2.82,1
1,405nm,1.70,-1.40,2.74,1
1,405nm,1.70,-1.30,2.71,1
1,405nm,1.70,-1.20,2.84,1
1,405nm,1.70,-1.10,2.86,1
1,405nm,1.70,-1.00,2.84,1
1,405nm,1.70,-0.90,2.82,1
1,405nm,1.70,-0.80,2.81,1
1,405nm,1.70,-0.70,2.79,1
1,405nm,1.70,-0.60,2.81,1
1,405nm,1.70,-0.50,2.84,1
1,405nm,1.70,-0.40,2.88,1
1,405nm,1.70,-0.30,2.93,1
1,405nm,1.70,-0.20,3.00,1
1,405nm,1.70,-0.10,3.02,1
1,405nm,1.70,-0.00,3.07,1
1,405nm,1.70,0.10,3.10,1
1,405nm,1.70,0.20,3.13,1
1,405nm,1.70,0.30,3.14,1
1,405nm,1.70,0.40,3.15,1
1,405nm,1.70,0.50,3.17,1
1,405nm,1.70,0.60,3.18,1
1,405nm,1.70,0.70,3.19,1
1,405nm,1.70,0.80,3.20,1
1,405nm,1.70,0.90,3.20,1
1,405nm,1.70,1.00,3.21,1
1,405nm,1.70,1.10,3.21,1
1,405nm,1.70,1.20,3.21,1
1,405nm,1.70,1.30,3.21,1
1,405nm,1.70,1.40,3.21,1
1,405nm,1.70,1.50,3.21,1
1,405nm,1.70,1.60,3.21,1
1,405nm,1.70,1.70,3.22,1
1,405nm,1.70,1.80,3.22,1
1,405nm,1.70,1.90,3.23,1
1,405nm,1.70,2.00,3.23,1
1,405nm,1.70,2.10,3.23,1
1,405nm,1.70,2.20,3.24,1
1,405nm,1.70,2.30,3.24,1
1,405nm,1.70,2.40,3.24,1
1,405nm,1.80,-2.50,3.23,1
1,405nm,1.80,-2.40,3.24,1
1,405nm,1.80,-2.30,3.24,1
1,405nm,1.80,-2.20,3.23,1
1,405nm,1.80,-2.10,3.23,1
1,405nm,1.80,-2.00,3.21,1
1,405nm,1.80,-1.90,3.19,1
1,405nm,1.80,-1.80,3.15,1
1,405nm,1.80,-1.70,3.11,1
1,405nm,1.80,-1.60,3.03,1
1,405nm,1.80,-1.50,2.96,1
1,405nm,1.80,-1.40,2.88,1
1,405nm,1.80,-1.30,2.74,1
1,405nm,1.80,-1.20,2.67,1
1,405nm,1.80,-1.10,2.87,1
1,405nm,1.80,-1.00,2.90,1
1,405nm,1.80,-0.90,2.90,1
1,405nm,1.80,-0.80,2.89,1
1,405nm,1.80,-0.70,2.89,1
1,405nm,1.80,-0.60,2.91,1
1,405nm,1.80,-0.50,2.91,1
1,405nm,1.80,-0.40,2.92,1
1,405nm,1.80,-0.30,2.94,1
1,405nm,1.80,-0.20,2.97,1
1,405nm,1.80,-0.10,3.02,1
1,405nm,1.80,-0.00,3.06,1
1,405nm,1.80,0.10,3.09,1
1,405nm,1.80,0.20,3.12,1
1,405nm,1.80,0.30,3.14,1
1,405nm,1.80,0.40,3.16,1
1,405nm,1.80,0.50,3.17,1
1,405nm,1.80,0.60,3.18,1
1,405nm,1.80,0.70,3.19,1
1,405nm,1.80,0.80,3.20,1
1,405nm,1.80,0.90,3.21,1
1,405nm,1.80,1.00,3.21,1
1,405nm,1.80,1.10,3.21,1
1,405nm,1.80,1.20,3.20,1
1,405nm,1.80,1.30,3.20,1
1,405nm,1.80,1.40,3.20,1
1,405nm,1.80,1.50,3.20,1
1,405nm,1.80,1.60,3.22,1
1,405nm,1.80,1.70,3.22,1
1,405nm,1.80,1.80,3.23,1
1,405nm,1.80,1.90,3.23,1
1,405nm,1.80,2.00,3.23,1
1,405nm,1.80,2.10,3.24,1
1,405nm,1.80,2.20,3.24,1
1,405nm,1.80,2.30,3.24,1
1,405nm,1.80,2.40,3.24,1
1,405nm,1.90,-2.50,3.23,1
1,405nm,1.90,-2.40,3.24,1
1,405nm,1.90,-2.30,3.24,1
1,405nm,1.90,-2.20,3.24,1
1,405nm,1.90,-2.10,3.23,1
1,405nm,1.90,-2.00,3.23,1
1,405nm,1.90,-1.90,3.21,1
1,405nm,1.90,-1.80,3.19,1
1,405nm,1.90,-1.70,3.16,1
1,405nm,1.90,-1.60,3.12,1
1,405nm,1.90,-1.50,3.07,1
1,405nm,1.90,-1.40,2.99,1
1,405nm,1.90,-1.30,2.91,1
1,405nm,1.90,-1.20,2.79,1
1,405nm,1.90,-1.10,2.75,1
1,405nm,1.90,-1.00,2.85,1
1,405nm,1.90,-0.90,2.96,1
1,405nm,1.90,-0.80,2.99,1
1,405nm,1.90,-0.70,3.00,1
1,405nm,1.90,-0.60,3.00,1
1,405nm,1.90,-0.50,3.01,1
1,405nm,1.90,-0.40,3.02,1
1,405nm,1.90,-0.30,3.03,1
1,405nm,1.90,-0.20,3.05,1
1,405nm,1.90,-0.10,3.06,1
1,405nm,1.90,-0.00,3.08,1
1,405nm,1.90,0.10,3.10,1
1,405nm,1.90,0.20,3.12,1
1,405nm,1.90,0.30,3.13,1
1,405nm,1.90,0.40,3.15,1
1,405nm,1.90,0.50,3.17,1
1,405nm,1.90,0.60,3.18,1
1,405nm,1.90,0.70,3.19,1
1,405nm,1.90,0.80,3.20,1
1,405nm,1.90,0.90,3.20,1
1,405nm,1.90,1.00,3.19,1
1,405nm,1.90,1.10,3.19,1
1,405nm,1.90,1.20,3.19,1
1,405nm,1.90,1.30,3.19,1
1,405nm,1.90,1.40,3.20,1
1,405nm,1.90,1.50,3.21,1
1,405nm,1.90,1.60,3.22,1
1,405nm,1.90,1.70,3.23,1
1,405nm,1.90,1.80,3.23,1
1,405nm,1.90,1.90,3.23,1
1,405nm,1.90,2.00,3.24,1
1,405nm,1.90,2.10,3.24,1
1,405nm,1.90,2.20,3.24,1
1,405nm,1.90,2.30,3.25,1
1,405nm,1.90,2.40,3.25,1
1,405nm,2.00,-2.50,3.23,1
1,405nm,2.00,-2.40,3.24,1
1,405nm,2.00,-2.30,3.24,1
1,405nm,2.00,-2.20,3.24,1
1,405nm,2.00,-2.10,3.24,1
1,405nm,2.00,-2.00,3.23,1
1,405nm,2.00,-1.90,3.23,1
1,405nm,2.00,-1.80,3.22,1
1,405nm,2.00,-1.70,3.20,1
1,405nm,2.00,-1.60,3.18,1
1,405nm,2.00,-1.50,3.15,1
1,405nm,2.00,-1.40,3.10,1
1,405nm,2.00,-1.30,3.04,1
1,405nm,2.00,-1.20,2.96,1
1,405nm,2.00,-1.10,2.87,1
1,405nm,2.00,-1.00,2.85,1
1,405nm,2.00,-0.90,2.87,1
1,405nm,2.00,-0.80,2.98,1
1,405nm,2.00,-0.70,3.02,1
1,405nm,2.00,-0.60,3.04,1
1,405nm,2.00,-0.50,3.05,1
1,405nm,2.00,-0.40,3.06,1
1,405nm,2.00,-0.30,3.07,1
1,405nm,2.00,-0.20,3.08,1
1,405nm,2.00,-0.10,3.10,1
1,405nm,2.00,-0.00,3.11,1
1,405nm,2.00,0.10,3.13,1
1,405nm,2.00,0.20,3.14,1
1,405nm,2.00,0.30,3.15,1
1,405nm,2.00,0.40,3.16,1
1,405nm,2.00,0.50,3.16,1
1,405nm,2.00,0.60,3.17,1
1,405nm,2.00,0.70,3.17,1
1,405nm,2.00,0.80,3.17,1
1,405nm,2.00,0.90,3.17,1
1,405nm,2.00,1.00,3.17,1
1,405nm,2.00,1.10,3.18,1
1,405nm,2.00,1.20,3.18,1
1,405nm,2.00,1.30,3.19,1
1,405nm,2.00,1.40,3.21,1
1,405nm,2.00,1.50,3.21,1
1,405nm,2.00,1.60,3.22,1
1,405nm,2.00,1.70,3.23,1
1,405nm,2.00,1.80,3.23,1
1,405nm,2.00,1.90,3.24,1
1,405nm,2.00,2.00,3.24,1
1,405nm,2.00,2.10,3.24,1
1,405nm,2.00,2.20,3.25,1
1,405nm,2.00,2.30,3.25,1
1,405nm,2.00,2.40,3.24,1
1,405nm,2.10,-2.50,3.23,1
1,405nm,2.10,-2.40,3.25,1
1,405nm,2.10,-2.30,3.25,1
1,405nm,2.10,-2.20,3.24,1
1,405nm,2.10,-2.10,3.24,1
1,405nm,2.10,-2.00,3.24,1
1,405nm,2.10,-1.90,3.24,1
1,405nm,2.10,-1.80,3.23,1
1,405nm,2.10,-1.70,3.22,1
1,405nm,2.10,-1.60,3.21,1
1,405nm,2.10,-1.50,3.20,1
1,405nm,2.10,-1.40,3.17,1
1,405nm,2.10,-1.30,3.14,1
1,405nm,2.10,-1.20,3.09,1
1,405nm,2.10,-1.10,3.04,1
1,405nm,2.10,-1.00,2.99,1
1,405nm,2.10,-0.90,2.94,1
1,405nm,2.10,-0.80,2.93,1
1,405nm,2.10,-0.70,3.00,1
1,405nm,2.10,-0.60,3.03,1
1,405nm,2.10,-0.50,3.05,1
1,405nm,2.10,-0.40,3.07,1
1,405nm,2.10,-0.30,3.08,1
1,405nm,2.10,-0.20,3.09,1
1,405nm,2.10,-0.10,3.11,1
1,405nm,2.10,-0.00,3.12,1
1,405nm,2.10,0.10,3.13,1
1,405nm,2.10,0.20,3.14,1
1,405nm,2.10,0.30,3.14,1
1,405nm,2.10,0.40,3.15,1
1,405nm,2.10,0.50,3.15,1
1,405nm,2.10,0.60,3.15,1
1,405nm,2.10,0.70,3.15,1
1,405nm,2.10,0.80,3.15,1
1,405nm,2.10,0.90,3.16,1
1,405nm,2.10,1.00,3.16,1
1,405nm,2.10,1.10,3.17,1
1,405nm,2.10,1.20,3.19,1
1,405nm,2.10,1.30,3.20,1
1,405nm,2.10,1.40,3.21,1
1,405nm,2.10,1.50,3.22,1
1,405nm,2.10,1.60,3.23,1
1,405nm,2.10,1.70,3.23,1
1,405nm,2.10,1.80,3.24,1
1,405nm,2.10,1.90,3.24,1
1,405nm,2.10,2.00,3.24,1
1,405nm,2.10,2.10,3.25,1
1,405nm,2.10,2.20,3.24,1
1,405nm,2.10,2.30,3.25,1
1,405nm,2.10,2.40,3.25,1
1,405nm,2.20,-2.50,3.23,1
1,405nm,2.20,-2.40,3.25,1
1,405nm,2.20,-2.30,3.25,1
1,405nm,2.20,-2.20,3.25,1
1,405nm,2.20,-2.10,3.24,1
1,405nm,2.20,-2.00,3.24,1
1,405nm,2.20,-1.90,3.24,1
1,405nm,2.20,-1.80,3.24,1
1,405nm,2.20,-1.70,3.23,1
1,405nm,2.20,-1.60,3.23,1
1,405nm,2.20,-1.50,3.22,1
1,405nm,2.20,-1.40,3.21,1
1,405nm,2.20,-1.30,3.19,1
1,405nm,2.20,-1.20,3.17,1
1,405nm,2.20,-1.10,3.13,1
1,405nm,2.20,-1.00,3.11,1
1,405nm,2.20,-0.90,3.06,1
1,405nm,2.20,-0.80,3.02,1
1,405nm,2.20,-0.70,2.99,1
1,405nm,2.20,-0.60,2.98,1
1,405nm,2.20,-0.50,3.01,1
1,405nm,2.20,-0.40,3.02,1
1,405nm,2.20,-0.30,3.04,1
1,405nm,2.20,-0.20,3.06,1
1,405nm,2.20,-0.10,3.07,1
1,405nm,2.20,-0.00,3.09,1
1,405nm,2.20,0.10,3.10,1
1,405nm,2.20,0.20,3.10,1
1,405nm,2.20,0.30,3.11,1
1,405nm,2.20,0.40,3.13,1
1,405nm,2.20,0.50,3.14,1
1,405nm,2.20,0.60,3.13,1
1,405nm,2.20,0.70,3.15,1
1,405nm,2.20,0.80,3.15,1
1,405nm,2.20,0.90,3.16,1
1,405nm,2.20,1.00,3.18,1
1,405nm,2.20,1.10,3.19,1
1,405nm,2.20,1.20,3.20,1
1,405nm,2.20,1.30,3.21,1
1,405nm,2.20,1.40,3.22,1
1,405nm,2.20,1.50,3.23,1
1,405nm,2.20,1.60,3.23,1
1,405nm,2.20,1.70,3.24,1
1,405nm,2.20,1.80,3.24,1
1,405nm,2.20,1.90,3.24,1
1,405nm,2.20,2.00,3.25,1
1,405nm,2.20,2.10,3.25,1
1,405nm,2.20,2.20,3.25,1
1,405nm,2.20,2.30,3.24,1
1,405nm,2.20,2.40,3.25,1
1,405nm,2.30,-2.50,3.23,1
1,405nm,2.30,-2.40,3.25,1
1,405nm,2.30,-2.30,3.25,1
1,405nm,2.30,-2.20,3.24,1
1,405nm,2.30,-2.10,3.25,1
1,405nm,2.30,-2.00,3.25,1
1,405nm,2.30,-1.90,3.24,1
1,405nm,2.30,-1.80,3.24,1
1,405nm,2.30,-1.70,3.24,1
1,405nm,2.30,-1.60,3.24,1
1,405nm,2.30,-1.50,3.23,1
1,405nm,2.30,-1.40,3.23,1
1,405nm,2.30,-1.30,3.22,1
1,405nm,2.30,-1.20,3.21,1
1,405nm,2.30,-1.10,3.20,1
1,405nm,2.30,-1.00,3.18,1
1,405nm,2.30,-0.90,3.16,1
1,405nm,2.30,-0.80,3.13,1
1,405nm,2.30,-0.70,3.09,1
1,405nm,2.30,-0.60,3.06,1
1,405nm,2.30,-0.50,3.03,1
1,405nm,2.30,-0.40,3.03,1
1,405nm,2.30,-0.30,3.04,1
1,405nm,2.30,-0.20,3.05,1
1,405nm,2.30,-0.10,3.07,1
1,405nm,2.30,-0.00,3.08,1
1,405nm,2.30,0.10,3.09,1
1,405nm,2.30,0.20,3.09,1
1,405nm,2.30,0.30,3.11,1
1,405nm,2.30,0.40,3.12,1
1,405nm,2.30,0.50,3.14,1
1,405nm,2.30,0.60,3.15,1
1,405nm,2.30,0.70,3.17,1
1,405nm,2.30,0.80,3.18,1
1,405nm,2.30,0.90,3.19,1
1,405nm,2.30,1.00,3.20,1
1,405nm,2.30,1.10,3.21,1
1,405nm,2.30,1.20,3.22,1
1,405nm,2.30,1.30,3.22,1
1,405nm,2.30,1.40,3.23,1
1,405nm,2.30,1.50,3.23,1
1,405nm,2.30,1.60,3.24,1
1,405nm,2.30,1.70,3.24,1
1,405nm,2.30,1.80,3.24,1
1,405nm,2.30,1.90,3.25,1
1,405nm,2.30,2.00,3.25,1
1,405nm,2.30,2.10,3.25,1
1,405nm,2.30,2.20,3.25,1
1,405nm,2.30,2.30,3.25,1
1,405nm,2.30,2.40,3.25,1
1,405nm,2.40,-2.50,3.23,1
1,405nm,2.40,-2.40,3.25,1
1,405nm,2.40,-2.30,3.25,1
1,405nm,2.40,-2.20,3.25,1
1,405nm,2.40,-2.10,3.25,1
1,405nm,2.40,-2.00,3.25,1
1,405nm,2.40,-1.90,3.25,1
1,405nm,2.40,-1.80,3.24,1
1,405nm,2.40,-1.70,3.24,1
1,405nm,2.40,-1.60,3.24,1
1,405nm,2.40,-1.50,3.24,1
1,405nm,2.40,-1.40,3.24,1
1,405nm,2.40,-1.30,3.23,1
1,405nm,2.40,-1.20,3.23,1
1,405nm,2.40,-1.10,3.23,1
1,405nm,2.40,-1.00,3.22,1
1,405nm,2.40,-0.90,3.21,1
1,405nm,2.40,-0.80,3.20,1
1,405nm,2.40,-0.70,3.18,1
1,405nm,2.40,-0.60,3.16,1
1,405nm,2.40,-0.50,3.14,1
1,405nm,2.40,-0.40,3.12,1
1,405nm,2.40,-0.30,3.11,1
1,405nm,2.40,-0.20,3.09,1
1,405nm,2.40,-0.10,3.12,1
1,405nm,2.40,-0.00,3.13,1
1,405nm,2.40,0.10,3.13,1
1,405nm,2.40,0.20,3.14,1
1,405nm,2.40,0.30,3.15,1
1,405nm,2.40,0.40,3.16,1
1,405nm,2.40,0.50,3.18,1
1,405nm,2.40,0.60,3.19,1
1,405nm,2.40,0.70,3.20,1
1,405nm,2.40,0.80,3.21,1
1,405nm,2.40,0.90,3.21,1
1,405nm,2.40,1.00,3.22,1
1,405nm,2.40,1.10,3.23,1
1,405nm,2.40,1.20,3.23,1
1,405nm,2.40,1.30,3.23,1
1,405nm,2.40,1.40,3.24,1
1,405nm,2.40,1.50,3.24,1
1,405nm,2.40,1.60,3.24,1
1,405nm,2.40,1.70,3.25,1
1,405nm,2.40,1.80,3.24,1
1,405nm,2.40,1.90,3.25,1
1,405nm,2.40,2.00,3.25,1
1,405nm,2.40,2.10,3.25,1
1,405nm,2.40,2.20,3.25,1
1,405nm,2.40,2.30,3.25,1
1,405nm,2.40,2.40,3.25,1

End of run.

